# step:2100000
13 12
13 13
13 14
13 15
13 16
13 17
13 18
13 19
13 20
13 21
13 22
13 23
13 24
13 25
13 26
13 27
13 28
13 29
13 30
13 31
13 32
13 33
13 34
13 35
13 36
13 37
13 38
13 39
13 40
13 41
13 42
13 43
13 44
13 45
13 46
13 47
13 48
13 49
13 50
13 51
13 52
13 53
13 54
13 55
13 56
13 57
13 58
13 59
13 60
13 61
13 62
13 63
13 64
13 65
13 66
13 67
13 68
13 69
13 70
13 71
13 72
13 73
13 74
13 75
13 76
13 77
13 78
13 79
13 80
13 81
13 82
13 83
13 84
13 85
13 86
13 87
13 88
13 89
13 90
13 91
13 92
13 93
13 94
13 95
13 96
13 97
13 98
13 99
13 100
13 101
13 102
13 103
13 104
13 105
13 106
13 107
13 108
13 109
13 110
13 111
13 112
13 113
13 114
13 115
13 116
13 117
13 118
13 119
13 120
13 121
13 122
13 123
13 124
13 125
13 126
13 127
13 128
13 129
13 130
13 131
13 132
13 133
13 134
13 135
13 136
13 137
13 138
13 139
13 140
13 141
13 142
13 143
13 144
13 145
13 146
13 147
13 148
13 149
13 150
13 151
13 152
13 153
13 154
13 155
13 156
13 157
13 158
13 159
13 160
13 161
13 162
13 163
13 164
13 165
13 166
13 167
13 168
13 169
13 170
13 171
13 172
13 173
13 174
13 175
13 176
13 177
13 178
13 179
14 12
14 179
15 12
15 179
15 180
15 181
15 182
15 183
15 184
15 185
15 186
15 187
15 188
15 189
15 190
15 191
15 192
15 193
15 194
15 195
15 196
15 197
15 198
15 199
15 200
15 201
15 202
15 203
15 204
15 205
15 206
15 207
15 208
15 209
15 210
15 211
15 212
15 213
15 214
15 215
15 216
15 217
15 218
15 219
15 220
15 221
15 222
15 223
15 224
15 225
15 226
15 227
15 228
15 229
15 230
15 231
15 232
15 233
15 234
15 235
15 236
15 237
15 238
15 239
15 240
15 241
15 242
15 243
15 244
15 245
15 246
15 247
15 248
15 249
15 250
15 251
15 252
15 253
15 254
15 255
15 256
15 257
15 258
15 259
15 260
15 261
15 262
15 263
16 12
16 178
16 263
17 12
17 263
18 12
18 112
18 263
19 12
19 113
19 176
19 263
20 12
20 66
20 114
20 175
20 263
21 12
21 67
21 115
21 174
21 263
22 12
22 68
22 116
22 173
23 12
23 69
23 117
23 172
23 262
24 12
24 70
24 118
24 171
24 261
25 12
25 71
25 119
25 170
25 260
26 12
26 72
26 120
26 169
26 259
27 12
27 73
27 121
27 168
27 258
28 12
28 74
28 122
28 167
28 257
29 12
29 75
29 123
29 165
29 166
29 256
30 12
30 76
30 124
30 125
30 126
30 127
30 128
30 129
30 130
30 131
30 132
30 133
30 134
30 135
30 136
30 137
30 138
30 139
30 140
30 141
30 142
30 143
30 144
30 145
30 146
30 147
30 148
30 149
30 150
30 151
30 152
30 153
30 154
30 155
30 156
30 157
30 158
30 159
30 160
30 161
30 162
30 163
30 166
30 167
30 168
30 169
30 170
30 171
30 172
30 173
30 174
30 175
30 176
30 177
30 178
30 179
30 180
30 181
30 182
30 183
30 184
30 185
30 186
30 187
30 188
30 189
30 190
30 191
30 192
30 193
30 194
30 195
30 196
30 197
30 198
30 199
30 200
30 201
30 202
30 203
30 204
30 205
30 206
30 207
30 208
30 209
30 210
30 211
30 212
30 213
30 214
30 215
30 216
30 217
30 218
30 219
30 220
30 221
30 222
30 223
30 224
30 225
30 226
30 227
30 228
30 255
31 12
31 77
31 124
31 165
31 228
31 253
31 254
32 12
32 78
32 79
32 80
32 81
32 82
32 83
32 84
32 85
32 86
32 87
32 88
32 89
32 90
32 91
32 92
32 93
32 94
32 95
32 96
32 97
32 98
32 99
32 100
32 101
32 102
32 103
32 104
32 105
32 106
32 107
32 108
32 109
32 110
32 111
32 112
32 113
32 114
32 115
32 116
32 117
32 118
32 119
32 120
32 121
32 122
32 123
32 124
32 164
32 228
32 245
32 246
32 247
32 248
32 249
32 250
32 251
32 254
32 255
32 256
32 257
32 258
33 12
33 78
33 163
33 228
33 245
33 258
34 12
34 78
34 162
34 228
34 229
34 230
34 231
34 232
34 233
34 234
34 235
34 236
34 237
34 238
34 243
34 244
34 245
34 258
35 12
35 78
35 161
35 227
35 238
35 243
35 252
35 258
36 12
36 78
36 160
36 226
36 238
36 239
36 240
36 241
36 242
36 243
36 251
36 258
37 12
37 76
37 77
37 78
37 159
37 242
37 243
37 250
37 258
38 12
38 76
38 79
38 158
38 225
38 226
38 227
38 228
38 242
38 243
38 249
38 251
38 252
38 253
38 254
38 258
39 12
39 76
39 80
39 157
39 228
39 236
39 242
39 243
39 248
39 251
39 254
39 258
40 12
40 76
40 81
40 156
40 228
40 235
40 242
40 243
40 247
40 249
40 250
40 251
40 252
40 258
41 12
41 76
41 82
41 228
41 233
41 234
41 242
41 246
41 249
41 251
41 258
42 12
42 76
42 83
42 136
42 228
42 229
42 230
42 231
42 234
42 235
42 236
42 237
42 238
42 239
42 240
42 241
42 242
42 258
43 12
43 76
43 84
43 137
43 154
43 241
43 242
43 243
43 249
43 251
43 252
43 253
43 254
43 255
43 256
43 257
43 258
44 12
44 76
44 85
44 98
44 138
44 153
44 239
44 242
44 243
45 12
45 76
45 86
45 99
45 139
45 152
45 226
45 232
45 238
45 240
45 242
45 243
46 12
46 76
46 87
46 100
46 140
46 150
46 151
46 225
46 231
46 237
46 239
46 242
46 243
47 12
47 76
47 88
47 101
47 102
47 103
47 104
47 105
47 106
47 107
47 108
47 109
47 110
47 111
47 112
47 113
47 114
47 115
47 116
47 117
47 118
47 119
47 120
47 121
47 122
47 123
47 124
47 125
47 126
47 127
47 128
47 129
47 130
47 131
47 132
47 133
47 134
47 135
47 136
47 137
47 138
47 141
47 142
47 143
47 144
47 145
47 146
47 147
47 148
47 151
47 152
47 153
47 154
47 155
47 156
47 157
47 158
47 159
47 160
47 161
47 162
47 163
47 164
47 165
47 166
47 167
47 224
47 230
47 236
47 238
47 242
48 12
48 76
48 89
48 101
48 140
48 141
48 150
48 167
48 223
48 229
48 235
48 237
48 241
48 242
48 244
48 246
48 263
49 12
49 76
49 90
49 101
49 142
49 149
49 167
49 168
49 169
49 170
49 171
49 172
49 173
49 174
49 175
49 176
49 177
49 178
49 179
49 180
49 181
49 182
49 183
49 222
49 228
49 234
49 236
49 240
49 242
49 243
50 12
50 76
50 91
50 101
50 143
50 148
50 166
50 183
50 221
50 227
50 233
50 235
50 239
50 241
50 243
50 246
51 12
51 76
51 92
51 101
51 147
51 165
51 183
51 184
51 185
51 186
51 187
51 188
51 189
51 190
51 191
51 192
51 193
51 194
51 195
51 196
51 197
51 220
51 226
51 232
51 234
51 238
51 240
51 245
52 12
52 64
52 76
52 93
52 101
52 146
52 164
52 182
52 197
52 219
52 225
52 231
52 233
52 237
52 239
52 242
52 244
53 12
53 65
53 76
53 94
53 101
53 107
53 108
53 109
53 110
53 111
53 112
53 113
53 114
53 115
53 116
53 117
53 118
53 119
53 120
53 121
53 122
53 123
53 124
53 125
53 126
53 127
53 128
53 129
53 130
53 131
53 132
53 133
53 134
53 135
53 136
53 137
53 138
53 139
53 140
53 141
53 142
53 163
53 181
53 197
53 198
53 199
53 218
53 224
53 230
53 232
53 236
53 238
53 242
53 243
54 12
54 62
54 66
54 76
54 95
54 101
54 107
54 143
54 145
54 147
54 162
54 180
54 196
54 199
54 217
54 223
54 229
54 231
54 235
54 237
54 241
54 243
55 12
55 63
55 67
55 76
55 96
55 101
55 107
55 143
55 144
55 148
55 161
55 179
55 195
55 199
55 200
55 201
55 202
55 203
55 216
55 222
55 226
55 227
55 228
55 230
55 234
55 236
55 240
55 243
56 12
56 64
56 68
56 76
56 101
56 107
56 142
56 144
56 149
56 194
56 198
56 203
56 204
56 205
56 206
56 215
56 221
56 226
56 228
56 229
56 233
56 235
56 239
56 243
57 12
57 65
57 69
57 76
57 101
57 107
57 141
57 144
57 151
57 160
57 161
57 162
57 163
57 164
57 165
57 166
57 167
57 168
57 169
57 170
57 171
57 172
57 173
57 174
57 175
57 178
57 179
57 180
57 181
57 182
57 183
57 184
57 185
57 186
57 187
57 188
57 189
57 193
57 197
57 206
57 207
57 208
57 209
57 214
57 220
57 226
57 227
57 229
57 230
57 231
57 232
57 234
57 238
57 243
58 12
58 66
58 70
58 76
58 97
58 98
58 99
58 100
58 101
58 107
58 140
58 144
58 152
58 175
58 176
58 196
58 200
58 209
58 210
58 211
58 212
58 213
58 218
58 219
58 225
58 227
58 228
58 232
58 233
58 237
58 243
59 12
59 67
59 71
59 76
59 97
59 102
59 107
59 113
59 139
59 153
59 191
59 193
59 194
59 195
59 203
59 213
59 214
59 215
59 216
59 219
59 220
59 221
59 222
59 223
59 224
59 226
59 228
59 230
59 233
59 236
59 243
60 12
60 68
60 72
60 76
60 97
60 103
60 105
60 107
60 114
60 146
60 154
60 175
60 190
60 192
60 198
60 203
60 206
60 212
60 218
60 224
60 225
60 230
60 231
60 233
60 234
60 235
60 243
61 12
61 69
61 70
61 76
61 97
61 99
61 100
61 107
61 115
61 138
61 147
61 155
61 174
61 203
61 204
61 211
61 217
61 223
61 225
61 227
61 231
61 235
61 243
62 12
62 69
62 71
62 76
62 78
62 79
62 80
62 101
62 102
62 104
62 105
62 106
62 107
62 116
62 117
62 118
62 119
62 120
62 121
62 122
62 123
62 124
62 125
62 126
62 127
62 128
62 129
62 130
62 131
62 132
62 133
62 134
62 137
62 143
62 148
62 173
62 208
62 210
62 216
62 222
62 225
62 226
62 227
62 231
62 233
62 235
62 243
63 12
63 68
63 76
63 77
63 80
63 108
63 116
63 134
63 136
63 143
63 144
63 145
63 146
63 149
63 150
63 151
63 172
63 196
63 208
63 209
63 215
63 221
63 228
63 230
63 232
63 233
63 235
63 243
64 12
64 67
64 73
64 74
64 75
64 80
64 99
64 101
64 105
64 109
64 116
64 134
64 135
64 142
64 148
64 149
64 170
64 171
64 195
64 207
64 214
64 220
64 228
64 230
64 233
64 234
64 235
64 243
65 12
65 66
65 73
65 75
65 76
65 77
65 80
65 101
65 104
65 116
65 120
65 121
65 122
65 123
65 124
65 125
65 126
65 127
65 128
65 129
65 133
65 135
65 141
65 158
65 159
65 160
65 161
65 162
65 163
65 164
65 165
65 166
65 167
65 168
65 171
65 194
65 205
65 207
65 213
65 219
65 228
65 232
65 243
66 12
66 65
66 73
66 74
66 80
66 97
66 103
66 116
66 119
66 132
66 135
66 158
66 171
66 193
66 204
66 207
66 218
66 229
66 231
66 243
67 12
67 64
67 72
67 74
67 77
67 78
67 79
67 80
67 97
67 102
67 111
67 116
67 119
67 131
67 135
67 142
67 158
67 164
67 171
67 172
67 173
67 174
67 175
67 176
67 177
67 178
67 179
67 180
67 181
67 182
67 183
67 192
67 203
67 207
67 216
67 229
67 231
67 243
68 12
68 63
68 67
68 68
68 69
68 71
68 73
68 75
68 86
68 96
68 99
68 112
68 116
68 119
68 122
68 123
68 124
68 125
68 126
68 127
68 129
68 130
68 132
68 135
68 136
68 137
68 138
68 139
68 140
68 141
68 151
68 153
68 158
68 163
68 170
68 183
68 191
68 207
68 211
68 215
68 217
68 229
68 231
68 243
69 12
69 62
69 67
69 74
69 95
69 97
69 113
69 116
69 119
69 122
69 128
69 132
69 141
69 151
69 152
69 153
69 155
69 158
69 160
69 161
69 162
69 169
69 183
69 184
69 185
69 189
69 190
69 207
69 210
69 214
69 216
69 229
69 231
69 243
70 12
70 61
70 67
70 68
70 69
70 72
70 82
70 85
70 96
70 114
70 115
70 116
70 119
70 122
70 124
70 125
70 126
70 127
70 130
70 132
70 141
70 142
70 156
70 158
70 161
70 162
70 168
70 182
70 185
70 186
70 187
70 190
70 191
70 192
70 207
70 208
70 209
70 213
70 215
70 219
70 229
70 231
70 243
71 12
71 66
71 72
71 79
71 83
71 84
71 85
71 87
71 88
71 89
71 97
71 114
71 119
71 122
71 124
71 127
71 142
71 150
71 151
71 152
71 153
71 154
71 157
71 158
71 159
71 161
71 162
71 163
71 164
71 165
71 167
71 181
71 189
71 192
71 195
71 196
71 197
71 198
71 199
71 200
71 201
71 209
71 210
71 211
71 212
71 214
71 218
71 229
71 231
71 243
72 12
72 65
72 71
72 72
72 80
72 83
72 85
72 89
72 98
72 99
72 100
72 101
72 102
72 103
72 109
72 110
72 111
72 114
72 119
72 122
72 125
72 127
72 131
72 132
72 142
72 157
72 158
72 159
72 165
72 180
72 188
72 192
72 193
72 201
72 207
72 212
72 213
72 217
72 223
72 229
72 231
72 243
73 12
73 64
73 71
73 81
73 82
73 86
73 87
73 88
73 89
73 98
73 105
73 106
73 107
73 108
73 109
73 113
73 114
73 119
73 122
73 123
73 124
73 125
73 127
73 132
73 135
73 136
73 142
73 147
73 155
73 156
73 163
73 164
73 165
73 179
73 187
73 191
73 201
73 206
73 210
73 213
73 216
73 222
73 229
73 231
73 232
73 233
73 243
74 12
74 63
74 71
74 81
74 90
74 114
74 118
74 119
74 122
74 127
74 133
74 136
74 142
74 143
74 144
74 145
74 147
74 148
74 149
74 150
74 151
74 152
74 153
74 154
74 155
74 157
74 163
74 164
74 165
74 186
74 190
74 201
74 202
74 203
74 204
74 205
74 209
74 211
74 215
74 221
74 228
74 231
74 233
74 243
75 12
75 71
75 91
75 99
75 116
75 117
75 118
75 119
75 120
75 122
75 123
75 124
75 125
75 126
75 127
75 134
75 137
75 141
75 145
75 160
75 161
75 166
75 167
75 178
75 179
75 185
75 189
75 205
75 206
75 207
75 208
75 210
75 212
75 214
75 220
75 227
75 231
75 233
75 243
76 12
76 71
76 75
76 76
76 77
76 81
76 84
76 92
76 93
76 94
76 95
76 96
76 97
76 98
76 99
76 114
76 116
76 117
76 118
76 119
76 121
76 128
76 132
76 137
76 138
76 140
76 145
76 157
76 161
76 167
76 179
76 180
76 181
76 182
76 184
76 188
76 198
76 200
76 201
76 202
76 204
76 208
76 209
76 211
76 213
76 219
76 225
76 231
76 233
76 243
77 12
77 71
77 73
77 78
77 85
77 92
77 100
77 116
77 118
77 120
77 123
77 124
77 125
77 127
77 128
77 135
77 137
77 138
77 139
77 145
77 156
77 157
77 159
77 161
77 163
77 164
77 178
77 179
77 182
77 187
77 197
77 199
77 203
77 204
77 205
77 207
77 209
77 210
77 212
77 218
77 224
77 231
77 233
77 243
78 12
78 71
78 73
78 74
78 75
78 79
78 80
78 86
78 92
78 100
78 114
78 115
78 120
78 124
78 126
78 136
78 145
78 156
78 157
78 158
78 159
78 160
78 162
78 164
78 165
78 170
78 172
78 176
78 178
78 179
78 180
78 182
78 183
78 184
78 187
78 196
78 198
78 202
78 206
78 208
78 210
78 211
78 217
78 223
78 231
78 233
78 243
79 12
79 71
79 75
79 79
79 81
79 87
79 92
79 100
79 117
79 121
79 122
79 123
79 129
79 131
79 133
79 136
79 141
79 142
79 143
79 148
79 149
79 150
79 157
79 158
79 162
79 164
79 166
79 168
79 170
79 172
79 174
79 175
79 177
79 180
79 184
79 188
79 190
79 191
79 192
79 193
79 195
79 197
79 201
79 205
79 207
79 209
79 211
79 216
79 222
79 231
79 233
79 243
80 12
80 71
80 75
80 76
80 77
80 81
80 88
80 92
80 100
80 105
80 120
80 122
80 127
80 130
80 135
80 136
80 142
80 144
80 149
80 154
80 156
80 157
80 159
80 160
80 163
80 164
80 166
80 170
80 171
80 172
80 173
80 174
80 179
80 180
80 181
80 182
80 184
80 190
80 193
80 196
80 200
80 204
80 206
80 208
80 211
80 212
80 213
80 214
80 215
80 221
80 231
80 233
80 243
81 12
81 71
81 80
81 89
81 92
81 97
81 100
81 108
81 120
81 129
81 131
81 134
81 142
81 144
81 149
81 155
81 157
81 163
81 164
81 165
81 166
81 173
81 176
81 182
81 184
81 187
81 189
81 190
81 191
81 195
81 199
81 203
81 205
81 207
81 209
81 215
81 220
81 231
81 233
81 243
82 12
82 71
82 80
82 90
82 91
82 92
82 101
82 104
82 105
82 108
82 109
82 115
82 120
82 125
82 129
82 132
82 136
82 138
82 141
82 142
82 144
82 149
82 153
82 159
82 163
82 168
82 169
82 177
82 181
82 182
82 184
82 187
82 192
82 194
82 198
82 202
82 204
82 206
82 210
82 211
82 212
82 215
82 219
82 231
82 233
82 243
83 12
83 71
83 80
83 86
83 87
83 88
83 89
83 90
83 97
83 108
83 114
83 119
83 120
83 124
83 126
83 128
83 130
83 132
83 137
83 145
83 151
83 153
83 154
83 157
83 164
83 169
83 170
83 172
83 173
83 174
83 177
83 179
83 180
83 181
83 182
83 183
83 187
83 188
83 191
83 192
83 197
83 201
83 203
83 205
83 213
83 215
83 218
83 231
83 233
83 243
84 12
84 71
84 80
84 83
84 84
84 85
84 86
84 91
84 97
84 98
84 102
84 104
84 106
84 108
84 109
84 111
84 113
84 115
84 118
84 127
84 128
84 133
84 136
84 144
84 145
84 148
84 150
84 153
84 157
84 167
84 168
84 169
84 170
84 171
84 173
84 178
84 180
84 181
84 183
84 188
84 189
84 191
84 196
84 200
84 202
84 204
84 213
84 215
84 216
84 217
84 228
84 229
84 231
84 233
84 243
85 12
85 71
85 80
85 83
85 92
85 96
85 97
85 99
85 101
85 102
85 105
85 107
85 108
85 109
85 110
85 111
85 112
85 115
85 116
85 118
85 119
85 121
85 123
85 125
85 127
85 128
85 129
85 130
85 133
85 134
85 135
85 136
85 139
85 140
85 145
85 147
85 150
85 152
85 158
85 163
85 165
85 167
85 168
85 171
85 172
85 177
85 178
85 179
85 181
85 189
85 190
85 195
85 199
85 201
85 203
85 213
85 217
85 222
85 223
85 224
85 225
85 226
85 229
85 231
85 233
85 243
86 12
86 71
86 80
86 83
86 93
86 96
86 97
86 102
86 105
86 117
86 124
86 125
86 129
86 136
86 140
86 147
86 148
86 149
86 161
86 165
86 172
86 176
86 177
86 179
86 180
86 181
86 182
86 185
86 186
86 189
86 190
86 193
86 198
86 200
86 202
86 213
86 217
86 222
86 228
86 230
86 231
86 233
86 243
87 12
87 71
87 80
87 83
87 94
87 97
87 99
87 101
87 102
87 105
87 108
87 112
87 115
87 120
87 121
87 123
87 129
87 136
87 138
87 140
87 144
87 145
87 146
87 149
87 152
87 154
87 162
87 166
87 168
87 169
87 171
87 174
87 181
87 185
87 191
87 192
87 194
87 195
87 196
87 199
87 213
87 217
87 222
87 227
87 233
87 234
87 235
87 243
88 12
88 71
88 80
88 83
88 94
88 95
88 96
88 99
88 102
88 106
88 108
88 111
88 114
88 116
88 120
88 121
88 122
88 125
88 127
88 130
88 134
88 136
88 137
88 138
88 143
88 145
88 148
88 152
88 154
88 159
88 161
88 164
88 166
88 168
88 170
88 171
88 174
88 185
88 186
88 187
88 189
88 190
88 193
88 197
88 201
88 202
88 203
88 204
88 205
88 206
88 207
88 213
88 217
88 222
88 226
88 230
88 232
88 235
88 243
89 12
89 71
89 80
89 83
89 92
89 93
89 99
89 101
89 102
89 105
89 111
89 115
89 116
89 121
89 122
89 123
89 128
89 134
89 135
89 136
89 138
89 145
89 148
89 151
89 155
89 157
89 161
89 165
89 166
89 167
89 176
89 179
89 184
89 185
89 188
89 189
89 190
89 191
89 207
89 213
89 217
89 222
89 225
89 235
89 243
90 12
90 71
90 80
90 81
90 82
90 83
90 89
90 90
90 91
90 92
90 98
90 100
90 101
90 102
90 107
90 115
90 117
90 120
90 122
90 123
90 126
90 127
90 129
90 130
90 131
90 133
90 135
90 138
90 139
90 142
90 146
90 147
90 149
90 156
90 157
90 159
90 163
90 170
90 174
90 176
90 179
90 182
90 191
90 192
90 199
90 200
90 201
90 202
90 203
90 204
90 205
90 207
90 213
90 217
90 224
90 230
90 235
90 243
91 12
91 71
91 84
91 89
91 94
91 95
91 96
91 98
91 99
91 102
91 105
91 106
91 107
91 109
91 110
91 113
91 114
91 115
91 122
91 129
91 131
91 133
91 139
91 140
91 146
91 148
91 151
91 156
91 157
91 163
91 166
91 181
91 185
91 189
91 190
91 191
91 192
91 193
91 194
91 196
91 197
91 199
91 213
91 217
91 221
91 223
91 229
91 230
91 235
91 243
92 12
92 71
92 80
92 85
92 89
92 95
92 96
92 97
92 98
92 104
92 107
92 111
92 114
92 117
92 118
92 122
92 126
92 130
92 132
92 134
92 135
92 138
92 142
92 143
92 144
92 145
92 154
92 157
92 158
92 163
92 166
92 168
92 171
92 174
92 175
92 176
92 177
92 179
92 180
92 185
92 186
92 189
92 191
92 194
92 195
92 196
92 198
92 199
92 200
92 203
92 204
92 215
92 217
92 220
92 221
92 222
92 235
92 243
93 12
93 71
93 79
93 86
93 89
93 94
93 95
93 96
93 98
93 100
93 101
93 102
93 105
93 107
93 108
93 111
93 115
93 121
93 123
93 127
93 128
93 129
93 131
93 136
93 138
93 140
93 141
93 143
93 146
93 148
93 152
93 154
93 157
93 158
93 159
93 160
93 162
93 165
93 169
93 172
93 174
93 176
93 177
93 180
93 181
93 184
93 189
93 190
93 191
93 194
93 198
93 199
93 203
93 214
93 217
93 218
93 221
93 222
93 225
93 235
93 243
94 12
94 71
94 79
94 87
94 89
94 93
94 99
94 102
94 111
94 114
94 116
94 121
94 127
94 129
94 134
94 139
94 142
94 146
94 147
94 148
94 152
94 154
94 156
94 161
94 162
94 163
94 164
94 166
94 174
94 176
94 177
94 181
94 182
94 183
94 188
94 190
94 191
94 195
94 196
94 199
94 200
94 201
94 203
94 209
94 212
94 213
94 214
94 220
94 235
94 243
95 12
95 71
95 79
95 93
95 95
95 97
95 99
95 107
95 110
95 113
95 114
95 115
95 117
95 118
95 121
95 126
95 127
95 129
95 132
95 133
95 138
95 140
95 141
95 146
95 147
95 152
95 153
95 158
95 162
95 170
95 171
95 172
95 174
95 182
95 183
95 186
95 190
95 195
95 201
95 203
95 208
95 214
95 215
95 216
95 217
95 219
95 223
95 235
95 243
96 12
96 71
96 79
96 89
96 91
96 93
96 96
96 98
96 110
96 111
96 112
96 113
96 115
96 116
96 118
96 119
96 123
96 124
96 125
96 130
96 131
96 137
96 139
96 141
96 143
96 144
96 146
96 147
96 156
96 159
96 161
96 163
96 166
96 167
96 174
96 177
96 186
96 192
96 194
96 196
96 197
96 200
96 205
96 213
96 214
96 217
96 225
96 227
96 228
96 229
96 230
96 231
96 232
96 233
96 234
96 235
96 243
97 12
97 71
97 79
97 86
97 87
97 88
97 89
97 95
97 96
97 98
97 101
97 104
97 105
97 108
97 111
97 112
97 115
97 120
97 132
97 135
97 140
97 144
97 146
97 147
97 151
97 154
97 157
97 159
97 166
97 168
97 169
97 170
97 171
97 174
97 179
97 181
97 183
97 184
97 188
97 190
97 192
97 193
97 194
97 196
97 198
97 201
97 208
97 209
97 215
97 217
97 218
97 219
97 224
97 226
97 243
98 12
98 71
98 79
98 86
98 88
98 92
98 97
98 101
98 103
98 106
98 114
98 122
98 124
98 130
98 133
98 141
98 146
98 153
98 158
98 163
98 171
98 173
98 175
98 176
98 181
98 183
98 184
98 189
98 191
98 192
98 193
98 201
98 211
98 213
98 215
98 219
98 228
98 243
99 12
99 71
99 79
99 88
99 89
99 99
99 101
99 111
99 114
99 115
99 117
99 120
99 122
99 123
99 130
99 131
99 132
99 135
99 136
99 138
99 148
99 149
99 153
99 154
99 155
99 158
99 161
99 162
99 163
99 167
99 168
99 170
99 173
99 174
99 178
99 180
99 181
99 186
99 187
99 188
99 190
99 194
99 199
99 202
99 203
99 204
99 209
99 210
99 214
99 219
99 225
99 228
99 243
100 12
100 71
100 79
100 87
100 91
100 96
100 99
100 111
100 114
100 115
100 117
100 118
100 119
100 123
100 124
100 127
100 129
100 133
100 137
100 139
100 140
100 145
100 150
100 152
100 153
100 154
100 161
100 162
100 166
100 167
100 168
100 172
100 173
100 176
100 178
100 180
100 184
100 185
100 186
100 187
100 191
100 195
100 196
100 198
100 199
100 201
100 203
100 204
100 205
100 206
100 209
100 210
100 219
100 225
100 228
100 243
101 12
101 71
101 79
101 86
101 90
101 93
101 95
101 111
101 120
101 122
101 125
101 126
101 130
101 134
101 136
101 137
101 140
101 141
101 142
101 147
101 152
101 153
101 159
101 161
101 162
101 164
101 165
101 166
101 169
101 173
101 179
101 182
101 184
101 187
101 190
101 192
101 197
101 199
101 201
101 202
101 204
101 206
101 208
101 210
101 211
101 212
101 213
101 214
101 215
101 219
101 225
101 228
101 243
102 12
102 71
102 79
102 86
102 88
102 98
102 101
102 102
102 104
102 106
102 108
102 115
102 119
102 120
102 125
102 126
102 135
102 141
102 144
102 145
102 150
102 156
102 158
102 161
102 163
102 166
102 167
102 171
102 172
102 173
102 178
102 179
102 184
102 191
102 193
102 195
102 201
102 202
102 203
102 207
102 215
102 219
102 225
102 228
102 243
103 12
103 71
103 79
103 86
103 87
103 88
103 90
103 91
103 94
103 95
103 98
103 99
103 101
103 104
103 106
103 107
103 111
103 115
103 119
103 124
103 132
103 137
103 141
103 142
103 144
103 148
103 157
103 158
103 160
103 162
103 166
103 167
103 168
103 172
103 173
103 175
103 185
103 195
103 199
103 202
103 203
103 205
103 207
103 215
103 219
103 225
103 228
103 243
104 12
104 71
104 78
104 79
104 88
104 89
104 91
104 96
104 98
104 99
104 100
104 104
104 105
104 110
104 111
104 113
104 118
104 121
104 126
104 127
104 129
104 130
104 132
104 138
104 141
104 144
104 145
104 146
104 149
104 154
104 156
104 157
104 158
104 159
104 160
104 162
104 170
104 176
104 179
104 180
104 184
104 185
104 188
104 196
104 200
104 203
104 204
104 207
104 215
104 219
104 225
104 228
104 243
105 12
105 71
105 80
105 93
105 94
105 101
105 105
105 109
105 112
105 116
105 118
105 119
105 121
105 124
105 128
105 133
105 134
105 139
105 142
105 144
105 147
105 155
105 157
105 158
105 161
105 163
105 164
105 171
105 173
105 177
105 179
105 182
105 184
105 185
105 187
105 188
105 203
105 206
105 209
105 210
105 211
105 215
105 219
105 225
105 228
105 243
106 12
106 71
106 76
106 91
106 92
106 93
106 94
106 100
106 101
106 105
106 106
106 107
106 113
106 117
106 127
106 128
106 136
106 139
106 140
106 141
106 146
106 147
106 150
106 153
106 154
106 155
106 156
106 157
106 161
106 170
106 173
106 176
106 181
106 185
106 187
106 188
106 192
106 195
106 197
106 199
106 204
106 207
106 211
106 215
106 219
106 225
106 228
106 243
107 12
107 71
107 79
107 80
107 81
107 88
107 96
107 102
107 104
107 105
107 106
107 107
107 110
107 111
107 112
107 117
107 118
107 122
107 128
107 129
107 134
107 136
107 140
107 145
107 147
107 151
107 152
107 161
107 177
107 178
107 180
107 181
107 188
107 193
107 194
107 196
107 197
107 203
107 206
107 207
107 210
107 211
107 215
107 219
107 225
107 228
107 243
108 12
108 71
108 82
108 88
108 93
108 95
108 96
108 97
108 98
108 100
108 101
108 105
108 106
108 108
108 110
108 111
108 115
108 116
108 118
108 132
108 137
108 140
108 146
108 147
108 148
108 150
108 152
108 153
108 156
108 159
108 163
108 164
108 169
108 180
108 182
108 184
108 185
108 190
108 191
108 192
108 193
108 195
108 204
108 205
108 207
108 209
108 213
108 217
108 219
108 225
108 228
108 243
109 12
109 71
109 74
109 75
109 76
109 77
109 79
109 88
109 89
109 90
109 93
109 94
109 95
109 96
109 98
109 100
109 101
109 103
109 108
109 109
109 110
109 113
109 114
109 117
109 121
109 122
109 130
109 134
109 136
109 137
109 138
109 140
109 141
109 142
109 145
109 146
109 147
109 148
109 149
109 150
109 151
109 152
109 153
109 154
109 165
109 175
109 185
109 188
109 189
109 192
109 193
109 198
109 202
109 205
109 212
109 213
109 215
109 216
109 219
109 225
109 228
109 243
110 12
110 71
110 77
110 81
110 88
110 93
110 97
110 98
110 102
110 104
110 105
110 106
110 111
110 112
110 113
110 114
110 121
110 122
110 126
110 127
110 132
110 135
110 138
110 144
110 147
110 148
110 151
110 158
110 160
110 163
110 166
110 167
110 176
110 177
110 178
110 185
110 186
110 190
110 196
110 199
110 205
110 206
110 211
110 216
110 219
110 225
110 228
110 243
111 12
111 71
111 75
111 82
111 88
111 89
111 93
111 97
111 98
111 99
111 104
111 106
111 107
111 112
111 113
111 114
111 118
111 123
111 127
111 134
111 135
111 143
111 145
111 146
111 149
111 152
111 158
111 159
111 161
111 166
111 168
111 169
111 171
111 172
111 174
111 175
111 176
111 182
111 186
111 187
111 191
111 199
111 201
111 204
111 210
111 216
111 219
111 225
111 228
111 243
112 12
112 71
112 72
112 73
112 76
112 77
112 78
112 82
112 88
112 94
112 96
112 108
112 109
112 112
112 115
112 116
112 120
112 121
112 123
112 127
112 129
112 130
112 132
112 139
112 141
112 142
112 149
112 157
112 159
112 160
112 162
112 163
112 165
112 166
112 167
112 168
112 172
112 173
112 177
112 179
112 181
112 184
112 185
112 190
112 192
112 196
112 198
112 199
112 201
112 207
112 209
112 211
112 216
112 219
112 225
112 228
112 243
113 12
113 70
113 73
113 76
113 77
113 78
113 82
113 88
113 89
113 92
113 95
113 96
113 103
113 104
113 107
113 111
113 115
113 116
113 117
113 118
113 127
113 130
113 133
113 141
113 143
113 144
113 145
113 146
113 147
113 148
113 149
113 152
113 153
113 155
113 157
113 163
113 164
113 169
113 172
113 173
113 176
113 177
113 182
113 185
113 187
113 188
113 189
113 190
113 192
113 193
113 198
113 199
113 201
113 205
113 219
113 225
113 228
113 243
114 12
114 69
114 73
114 76
114 82
114 84
114 85
114 91
114 92
114 94
114 98
114 99
114 100
114 108
114 110
114 112
114 113
114 116
114 117
114 118
114 119
114 120
114 123
114 124
114 127
114 128
114 131
114 133
114 136
114 138
114 140
114 142
114 143
114 144
114 145
114 152
114 156
114 157
114 158
114 160
114 164
114 165
114 168
114 171
114 176
114 178
114 179
114 183
114 184
114 189
114 190
114 191
114 192
114 196
114 201
114 202
114 204
114 207
114 210
114 225
114 228
114 243
115 12
115 68
115 73
115 76
115 81
115 82
115 86
115 87
115 88
115 89
115 92
115 95
115 100
115 101
115 109
115 115
115 117
115 119
115 121
115 126
115 128
115 129
115 133
115 137
115 143
115 149
115 150
115 151
115 152
115 158
115 160
115 161
115 162
115 165
115 166
115 167
115 169
115 170
115 171
115 173
115 174
115 178
115 180
115 183
115 184
115 189
115 192
115 196
115 203
115 204
115 205
115 210
115 220
115 225
115 228
115 243
116 12
116 67
116 73
116 76
116 84
116 86
116 87
116 88
116 89
116 90
116 93
116 94
116 95
116 100
116 108
116 111
116 114
116 115
116 117
116 118
116 120
116 124
116 125
116 133
116 147
116 152
116 153
116 155
116 156
116 157
116 158
116 159
116 165
116 169
116 173
116 175
116 179
116 180
116 181
116 182
116 187
116 194
116 205
116 209
116 218
116 219
116 220
116 225
116 228
116 243
117 12
117 73
117 76
117 81
117 82
117 83
117 84
117 85
117 86
117 93
117 94
117 95
117 98
117 103
117 107
117 108
117 114
117 116
117 121
117 122
117 123
117 125
117 135
117 141
117 145
117 149
117 150
117 151
117 154
117 156
117 158
117 165
117 169
117 171
117 177
117 180
117 181
117 185
117 196
117 198
117 199
117 207
117 208
117 211
117 218
117 228
117 243
118 12
118 73
118 76
118 80
118 84
118 85
118 87
118 91
118 94
118 95
118 96
118 105
118 109
118 110
118 113
118 114
118 117
118 119
118 122
118 124
118 125
118 126
118 131
118 133
118 137
118 138
118 145
118 149
118 150
118 152
118 154
118 158
118 160
118 164
118 167
118 168
118 172
118 173
118 174
118 180
118 183
118 184
118 185
118 187
118 188
118 191
118 193
118 194
118 195
118 197
118 199
118 201
118 213
118 225
118 243
119 12
119 73
119 76
119 79
119 85
119 86
119 89
119 91
119 93
119 95
119 97
119 100
119 101
119 102
119 104
119 107
119 113
119 115
119 123
119 128
119 129
119 130
119 139
119 140
119 142
119 144
119 147
119 151
119 153
119 154
119 155
119 158
119 160
119 162
119 176
119 178
119 179
119 184
119 196
119 197
119 208
119 211
119 212
119 213
119 214
119 215
119 216
119 217
119 218
119 227
119 243
120 12
120 73
120 75
120 78
120 83
120 85
120 90
120 94
120 95
120 96
120 97
120 98
120 99
120 100
120 101
120 102
120 103
120 108
120 109
120 110
120 116
120 118
120 125
120 126
120 128
120 131
120 132
120 134
120 135
120 139
120 142
120 144
120 147
120 152
120 155
120 156
120 157
120 158
120 160
120 161
120 166
120 173
120 175
120 177
120 184
120 185
120 188
120 190
120 191
120 193
120 197
120 200
120 202
120 203
120 204
120 206
120 214
120 219
120 220
120 221
120 224
120 225
120 226
120 227
120 232
120 243
121 12
121 73
121 75
121 76
121 78
121 83
121 85
121 89
121 90
121 91
121 94
121 95
121 96
121 98
121 100
121 102
121 103
121 109
121 110
121 112
121 115
121 117
121 122
121 128
121 129
121 133
121 144
121 154
121 155
121 157
121 159
121 164
121 175
121 176
121 180
121 185
121 190
121 193
121 195
121 198
121 199
121 200
121 201
121 202
121 205
121 206
121 208
121 211
121 212
121 213
121 214
121 232
121 243
122 12
122 73
122 74
122 77
122 78
122 82
122 84
122 87
122 92
122 93
122 95
122 96
122 99
122 100
122 103
122 109
122 112
122 114
122 115
122 119
122 120
122 124
122 128
122 132
122 136
122 147
122 148
122 150
122 153
122 155
122 157
122 158
122 159
122 160
122 161
122 163
122 164
122 170
122 171
122 173
122 174
122 176
122 179
122 180
122 182
122 184
122 188
122 190
122 191
122 192
122 196
122 200
122 202
122 203
122 206
122 207
122 208
122 215
122 231
122 243
123 12
123 67
123 72
123 74
123 79
123 81
123 83
123 87
123 91
123 94
123 98
123 115
123 118
123 120
123 125
123 128
123 137
123 140
123 143
123 144
123 147
123 148
123 154
123 156
123 157
123 159
123 165
123 166
123 168
123 170
123 171
123 174
123 181
123 183
123 184
123 185
123 186
123 187
123 192
123 194
123 197
123 204
123 207
123 211
123 212
123 213
123 214
123 215
123 229
123 230
123 243
124 12
124 68
124 82
124 87
124 88
124 89
124 90
124 93
124 94
124 101
124 102
124 104
124 107
124 112
124 115
124 119
124 121
124 122
124 123
124 125
124 126
124 127
124 128
124 130
124 131
124 132
124 133
124 134
124 136
124 137
124 142
124 145
124 146
124 148
124 153
124 154
124 158
124 159
124 160
124 163
124 164
124 165
124 176
124 178
124 184
124 185
124 189
124 192
124 194
124 198
124 201
124 202
124 209
124 210
124 215
124 232
124 234
124 243
125 12
125 68
125 69
125 73
125 74
125 75
125 79
125 82
125 87
125 93
125 100
125 104
125 105
125 109
125 113
125 115
125 117
125 118
125 119
125 121
125 131
125 136
125 137
125 140
125 141
125 142
125 143
125 146
125 149
125 150
125 154
125 162
125 163
125 165
125 168
125 169
125 170
125 171
125 174
125 176
125 178
125 180
125 187
125 190
125 194
125 195
125 196
125 197
125 209
125 210
125 215
125 231
125 232
125 233
125 234
125 243
126 12
126 67
126 71
126 75
126 76
126 77
126 82
126 87
126 96
126 101
126 107
126 109
126 112
126 116
126 117
126 118
126 119
126 120
126 127
126 128
126 129
126 134
126 135
126 141
126 143
126 145
126 150
126 152
126 153
126 154
126 157
126 159
126 161
126 163
126 165
126 168
126 170
126 173
126 178
126 181
126 186
126 187
126 190
126 191
126 194
126 195
126 196
126 198
126 199
126 206
126 207
126 211
126 215
126 243
127 12
127 70
127 74
127 76
127 87
127 90
127 93
127 94
127 98
127 99
127 100
127 105
127 107
127 108
127 109
127 110
127 113
127 116
127 119
127 131
127 133
127 135
127 137
127 143
127 148
127 152
127 175
127 177
127 181
127 183
127 186
127 192
127 193
127 194
127 196
127 197
127 200
127 201
127 202
127 203
127 206
127 207
127 208
127 212
127 215
127 216
127 217
127 243
128 12
128 69
128 73
128 79
128 80
128 87
128 90
128 93
128 98
128 99
128 103
128 104
128 105
128 108
128 109
128 111
128 113
128 116
128 119
128 126
128 129
128 135
128 136
128 142
128 143
128 150
128 151
128 152
128 154
128 155
128 156
128 158
128 172
128 173
128 174
128 179
128 180
128 186
128 192
128 196
128 199
128 201
128 202
128 204
128 209
128 213
128 214
128 217
128 243
129 12
129 72
129 75
129 79
129 80
129 87
129 100
129 103
129 104
129 108
129 110
129 112
129 119
129 121
129 129
129 130
129 135
129 138
129 141
129 143
129 145
129 146
129 149
129 150
129 151
129 152
129 154
129 155
129 156
129 160
129 161
129 162
129 166
129 168
129 170
129 172
129 173
129 176
129 179
129 180
129 185
129 189
129 196
129 200
129 204
129 206
129 210
129 213
129 214
129 217
129 243
130 12
130 71
130 75
130 79
130 80
130 87
130 94
130 97
130 100
130 104
130 108
130 118
130 119
130 120
130 123
130 126
130 129
130 136
130 137
130 138
130 139
130 147
130 150
130 154
130 156
130 166
130 173
130 174
130 175
130 177
130 178
130 179
130 183
130 184
130 201
130 204
130 205
130 206
130 211
130 213
130 217
130 243
131 12
131 75
131 79
131 80
131 83
131 84
131 85
131 86
131 87
131 93
131 104
131 106
131 110
131 111
131 113
131 115
131 116
131 117
131 118
131 120
131 121
131 129
131 131
131 134
131 138
131 146
131 147
131 148
131 150
131 153
131 156
131 164
131 165
131 168
131 179
131 186
131 190
131 194
131 195
131 197
131 200
131 203
131 208
131 212
131 214
131 215
131 216
131 217
131 218
131 219
131 220
131 221
131 243
132 12
132 75
132 79
132 80
132 83
132 92
132 101
132 107
132 110
132 114
132 117
132 122
132 126
132 130
132 133
132 137
132 138
132 140
132 142
132 143
132 144
132 147
132 149
132 150
132 152
132 154
132 155
132 156
132 159
132 162
132 164
132 166
132 171
132 172
132 178
132 181
132 185
132 187
132 189
132 190
132 197
132 198
132 210
132 213
132 214
132 215
132 216
132 217
132 224
132 225
132 226
132 227
132 228
132 229
132 230
132 231
132 232
132 233
132 234
132 235
132 236
132 243
133 12
133 75
133 79
133 80
133 83
133 85
133 93
133 97
133 101
133 102
133 104
133 109
133 110
133 111
133 113
133 116
133 119
133 122
133 124
133 125
133 126
133 127
133 128
133 129
133 130
133 131
133 135
133 137
133 142
133 145
133 146
133 147
133 149
133 151
133 155
133 156
133 157
133 160
133 161
133 162
133 165
133 166
133 175
133 176
133 177
133 182
133 184
133 186
133 193
133 196
133 204
133 206
133 207
133 209
133 211
133 213
133 214
133 218
133 224
133 236
133 243
134 12
134 75
134 79
134 80
134 83
134 84
134 85
134 88
134 90
134 91
134 94
134 101
134 102
134 103
134 105
134 106
134 108
134 111
134 112
134 116
134 122
134 127
134 135
134 137
134 141
134 144
134 145
134 146
134 150
134 151
134 152
134 166
134 169
134 171
134 172
134 178
134 182
134 188
134 193
134 196
134 204
134 213
134 215
134 219
134 221
134 222
134 225
134 236
134 237
134 238
134 239
134 240
134 243
135 12
135 75
135 79
135 80
135 85
135 87
135 92
135 94
135 97
135 99
135 100
135 103
135 104
135 106
135 108
135 110
135 113
135 114
135 115
135 120
135 121
135 125
135 129
135 138
135 140
135 142
135 143
135 144
135 145
135 147
135 148
135 150
135 151
135 160
135 163
135 164
135 173
135 175
135 178
135 182
135 184
135 186
135 187
135 190
135 199
135 201
135 202
135 203
135 207
135 211
135 213
135 216
135 220
135 226
135 235
135 240
135 243
136 12
136 75
136 79
136 80
136 85
136 86
136 90
136 92
136 93
136 94
136 95
136 99
136 100
136 102
136 104
136 105
136 106
136 111
136 112
136 114
136 124
136 125
136 126
136 136
136 143
136 145
136 148
136 152
136 153
136 155
136 157
136 160
136 165
136 166
136 171
136 173
136 180
136 181
136 185
136 193
136 196
136 197
136 198
136 202
136 204
136 206
136 211
136 218
136 219
136 227
136 234
136 240
136 243
137 12
137 75
137 79
137 81
137 82
137 83
137 84
137 85
137 90
137 91
137 94
137 96
137 97
137 99
137 101
137 102
137 105
137 106
137 108
137 117
137 118
137 124
137 130
137 133
137 136
137 137
137 138
137 139
137 140
137 143
137 146
137 148
137 150
137 151
137 152
137 153
137 157
137 159
137 160
137 161
137 162
137 166
137 167
137 177
137 178
137 181
137 185
137 187
137 189
137 190
137 194
137 201
137 205
137 206
137 209
137 211
137 217
137 218
137 220
137 233
137 240
137 243
138 12
138 75
138 79
138 83
138 84
138 85
138 86
138 90
138 91
138 93
138 96
138 100
138 102
138 103
138 104
138 106
138 107
138 109
138 110
138 114
138 119
138 122
138 123
138 125
138 131
138 141
138 145
138 148
138 149
138 151
138 154
138 156
138 164
138 165
138 166
138 168
138 172
138 174
138 175
138 177
138 179
138 180
138 186
138 187
138 188
138 190
138 195
138 200
138 201
138 208
138 212
138 217
138 219
138 221
138 227
138 229
138 240
138 241
138 242
138 243
139 12
139 75
139 79
139 84
139 86
139 88
139 90
139 95
139 96
139 97
139 98
139 105
139 106
139 112
139 113
139 116
139 117
139 121
139 122
139 124
139 127
139 136
139 137
139 140
139 143
139 151
139 152
139 154
139 156
139 171
139 173
139 180
139 181
139 183
139 184
139 185
139 191
139 193
139 194
139 195
139 203
139 204
139 205
139 206
139 208
139 213
139 216
139 217
139 220
139 223
139 239
139 244
140 12
140 75
140 79
140 82
140 83
140 84
140 85
140 86
140 90
140 106
140 112
140 113
140 118
140 119
140 120
140 125
140 139
140 148
140 149
140 151
140 153
140 159
140 160
140 161
140 176
140 180
140 187
140 188
140 190
140 191
140 193
140 196
140 207
140 210
140 212
140 216
140 222
140 224
140 231
140 243
140 244
141 12
141 75
141 78
141 80
141 81
141 84
141 88
141 89
141 97
141 98
141 99
141 103
141 104
141 110
141 113
141 118
141 121
141 127
141 130
141 135
141 137
141 138
141 139
141 142
141 145
141 146
141 149
141 150
141 153
141 154
141 156
141 159
141 160
141 161
141 162
141 165
141 166
141 167
141 179
141 182
141 183
141 188
141 192
141 193
141 194
141 195
141 196
141 197
141 199
141 200
141 204
141 205
141 206
141 208
141 209
141 212
141 216
141 223
141 225
141 230
141 243
141 244
142 12
142 75
142 76
142 77
142 78
142 79
142 80
142 88
142 92
142 93
142 94
142 98
142 102
142 110
142 117
142 118
142 120
142 122
142 123
142 124
142 126
142 135
142 140
142 145
142 146
142 153
142 155
142 157
142 159
142 162
142 165
142 166
142 168
142 169
142 175
142 176
142 177
142 180
142 185
142 187
142 188
142 191
142 193
142 195
142 196
142 200
142 208
142 209
142 211
142 212
142 213
142 215
142 224
142 229
142 232
142 237
143 12
143 74
143 80
143 86
143 88
143 89
143 90
143 92
143 93
143 94
143 98
143 102
143 106
143 109
143 112
143 117
143 124
143 130
143 157
143 160
143 161
143 165
143 166
143 167
143 169
143 173
143 174
143 175
143 177
143 183
143 184
143 185
143 189
143 190
143 194
143 199
143 201
143 208
143 209
143 212
143 213
143 215
143 216
143 220
143 223
143 228
143 231
143 232
143 236
144 12
144 74
144 80
144 81
144 82
144 86
144 90
144 92
144 93
144 95
144 96
144 101
144 103
144 105
144 108
144 109
144 110
144 112
144 114
144 116
144 139
144 144
144 154
144 155
144 163
144 174
144 175
144 176
144 179
144 184
144 188
144 192
144 203
144 204
144 207
144 208
144 209
144 211
144 212
144 214
144 215
144 216
144 220
144 223
144 226
144 235
144 246
145 12
145 74
145 75
145 86
145 87
145 90
145 98
145 109
145 110
145 111
145 112
145 121
145 122
145 130
145 131
145 132
145 133
145 135
145 143
145 144
145 146
145 151
145 152
145 157
145 160
145 162
145 177
145 178
145 183
145 186
145 188
145 192
145 193
145 197
145 202
145 204
145 205
145 206
145 207
145 213
145 216
145 220
145 225
145 227
145 228
145 234
145 247
146 12
146 73
146 76
146 83
146 91
146 93
146 95
146 99
146 100
146 109
146 110
146 112
146 117
146 118
146 119
146 124
146 127
146 129
146 131
146 132
146 133
146 136
146 137
146 139
146 142
146 143
146 144
146 152
146 153
146 155
146 164
146 175
146 185
146 192
146 193
146 194
146 199
146 206
146 207
146 211
146 213
146 218
146 219
146 223
146 228
146 231
146 232
146 233
146 248
147 12
147 83
147 89
147 92
147 96
147 98
147 100
147 101
147 109
147 110
147 112
147 113
147 117
147 120
147 124
147 129
147 132
147 135
147 136
147 139
147 140
147 141
147 150
147 159
147 162
147 163
147 170
147 187
147 188
147 189
147 190
147 191
147 194
147 195
147 197
147 202
147 204
147 208
147 220
147 226
147 249
148 12
148 84
148 89
148 90
148 93
148 101
148 108
148 110
148 111
148 114
148 116
148 118
148 119
148 122
148 125
148 127
148 128
148 129
148 130
148 131
148 135
148 137
148 138
148 140
148 141
148 144
148 145
148 148
148 150
148 153
148 156
148 161
148 166
148 167
148 172
148 173
148 174
148 175
148 178
148 181
148 183
148 187
148 188
148 190
148 192
148 198
148 200
148 202
148 203
148 204
148 209
148 218
148 221
148 222
148 223
148 228
148 250
149 12
149 85
149 91
149 94
149 95
149 96
149 103
149 104
149 105
149 107
149 111
149 114
149 115
149 118
149 119
149 123
149 127
149 129
149 131
149 132
149 136
149 142
149 143
149 146
149 149
149 153
149 159
149 160
149 163
149 166
149 167
149 170
149 175
149 177
149 184
149 186
149 188
149 189
149 190
149 193
149 196
149 198
149 199
149 200
149 208
149 212
149 214
149 217
149 223
149 224
149 225
149 226
149 227
149 228
149 251
150 12
150 86
150 98
150 99
150 100
150 112
150 113
150 114
150 116
150 118
150 120
150 122
150 124
150 127
150 129
150 130
150 134
150 135
150 142
150 143
150 144
150 145
150 146
150 151
150 153
150 166
150 168
150 169
150 178
150 180
150 181
150 183
150 184
150 185
150 186
150 189
150 190
150 193
150 205
150 206
150 207
150 213
150 214
150 215
150 216
150 219
150 220
150 252
151 12
151 86
151 98
151 99
151 100
151 112
151 113
151 114
151 116
151 118
151 120
151 122
151 124
151 127
151 129
151 130
151 134
151 135
151 142
151 143
151 144
151 145
151 146
151 149
151 151
151 153
151 166
151 168
151 169
151 178
151 180
151 181
151 183
151 184
151 185
151 186
151 189
151 190
151 193
151 205
151 206
151 207
151 213
151 214
151 215
151 216
151 219
151 220
151 252
152 12
152 85
152 91
152 94
152 95
152 96
152 103
152 104
152 105
152 107
152 111
152 114
152 115
152 118
152 119
152 123
152 127
152 129
152 131
152 132
152 136
152 142
152 143
152 146
152 153
152 159
152 160
152 163
152 166
152 167
152 170
152 175
152 177
152 184
152 186
152 188
152 189
152 190
152 193
152 196
152 198
152 199
152 200
152 208
152 212
152 214
152 217
152 223
152 224
152 225
152 226
152 227
152 228
152 251
153 12
153 84
153 89
153 90
153 93
153 101
153 108
153 110
153 111
153 114
153 116
153 118
153 119
153 122
153 125
153 127
153 128
153 129
153 130
153 131
153 135
153 137
153 138
153 140
153 141
153 144
153 145
153 147
153 149
153 153
153 156
153 161
153 166
153 167
153 172
153 173
153 174
153 175
153 178
153 181
153 183
153 187
153 188
153 190
153 192
153 198
153 200
153 202
153 203
153 204
153 209
153 218
153 221
153 222
153 223
153 228
153 250
154 12
154 83
154 89
154 92
154 96
154 98
154 100
154 101
154 109
154 110
154 112
154 113
154 117
154 120
154 124
154 129
154 132
154 135
154 136
154 139
154 140
154 141
154 142
154 143
154 144
154 145
154 146
154 147
154 151
154 159
154 162
154 163
154 170
154 187
154 188
154 189
154 190
154 191
154 194
154 195
154 197
154 202
154 204
154 208
154 220
154 226
154 249
155 12
155 83
155 91
155 93
155 95
155 99
155 100
155 109
155 110
155 112
155 117
155 118
155 119
155 124
155 127
155 129
155 131
155 132
155 133
155 136
155 137
155 139
155 141
155 145
155 150
155 151
155 153
155 155
155 164
155 175
155 185
155 192
155 193
155 194
155 199
155 206
155 207
155 211
155 213
155 218
155 219
155 223
155 228
155 231
155 232
155 233
155 248
156 12
156 74
156 75
156 83
156 86
156 87
156 90
156 98
156 109
156 110
156 111
156 112
156 121
156 122
156 130
156 131
156 132
156 133
156 135
156 141
156 142
156 146
156 152
156 157
156 160
156 162
156 177
156 178
156 183
156 186
156 188
156 192
156 193
156 197
156 202
156 204
156 205
156 206
156 207
156 213
156 216
156 220
156 225
156 227
156 228
156 234
156 247
157 12
157 74
157 83
157 86
157 90
157 92
157 93
157 95
157 96
157 101
157 103
157 105
157 108
157 109
157 110
157 112
157 114
157 116
157 139
157 141
157 144
157 154
157 155
157 163
157 174
157 175
157 176
157 179
157 184
157 188
157 192
157 203
157 204
157 207
157 208
157 209
157 211
157 212
157 214
157 215
157 216
157 220
157 223
157 226
157 235
157 246
158 12
158 74
158 81
158 82
158 83
158 86
158 88
158 89
158 90
158 92
158 93
158 94
158 98
158 102
158 106
158 109
158 112
158 117
158 124
158 130
158 141
158 157
158 160
158 161
158 165
158 166
158 167
158 169
158 173
158 174
158 175
158 177
158 183
158 184
158 185
158 189
158 190
158 194
158 199
158 201
158 208
158 209
158 212
158 213
158 215
158 216
158 220
158 223
158 228
158 231
158 232
158 236
159 12
159 75
159 78
159 79
159 81
159 88
159 92
159 93
159 94
159 98
159 102
159 110
159 117
159 118
159 120
159 122
159 123
159 124
159 126
159 135
159 138
159 139
159 141
159 145
159 146
159 153
159 155
159 157
159 159
159 162
159 165
159 166
159 168
159 169
159 175
159 176
159 177
159 180
159 185
159 187
159 188
159 191
159 193
159 195
159 196
159 200
159 208
159 209
159 211
159 212
159 213
159 215
159 224
159 229
159 232
159 237
160 12
160 76
160 77
160 85
160 86
160 87
160 88
160 89
160 92
160 93
160 97
160 98
160 99
160 103
160 104
160 110
160 113
160 118
160 121
160 127
160 130
160 135
160 140
160 142
160 145
160 146
160 149
160 150
160 153
160 154
160 156
160 159
160 160
160 161
160 162
160 165
160 166
160 167
160 179
160 182
160 183
160 188
160 192
160 193
160 194
160 195
160 196
160 197
160 199
160 200
160 204
160 205
160 206
160 208
160 209
160 212
160 216
160 223
160 225
160 230
160 243
160 244
161 12
161 76
161 82
161 83
161 84
161 87
161 90
161 94
161 106
161 112
161 113
161 118
161 119
161 120
161 125
161 140
161 148
161 149
161 151
161 153
161 159
161 160
161 161
161 176
161 180
161 187
161 188
161 190
161 191
161 193
161 196
161 207
161 210
161 212
161 216
161 222
161 224
161 231
161 243
161 244
162 12
162 76
162 84
162 87
162 88
162 90
162 94
162 95
162 96
162 97
162 98
162 105
162 106
162 112
162 113
162 116
162 117
162 121
162 122
162 124
162 127
162 130
162 136
162 137
162 143
162 151
162 152
162 154
162 156
162 171
162 173
162 180
162 181
162 183
162 184
162 185
162 191
162 193
162 194
162 195
162 203
162 204
162 205
162 206
162 208
162 213
162 216
162 217
162 220
162 223
162 239
162 244
163 12
163 76
163 83
163 84
163 85
163 90
163 91
163 94
163 96
163 100
163 102
163 103
163 104
163 106
163 107
163 109
163 110
163 114
163 119
163 122
163 123
163 125
163 134
163 141
163 145
163 148
163 149
163 151
163 154
163 156
163 164
163 165
163 166
163 168
163 172
163 174
163 175
163 177
163 179
163 180
163 186
163 187
163 188
163 190
163 195
163 200
163 201
163 208
163 212
163 217
163 219
163 221
163 227
163 229
163 240
163 241
163 242
163 243
164 12
164 76
164 86
164 90
164 91
164 93
164 95
164 96
164 97
164 99
164 101
164 102
164 105
164 106
164 108
164 117
164 118
164 124
164 130
164 133
164 136
164 137
164 138
164 139
164 140
164 143
164 146
164 148
164 150
164 151
164 152
164 153
164 157
164 159
164 160
164 161
164 162
164 166
164 167
164 177
164 178
164 181
164 185
164 187
164 189
164 190
164 194
164 201
164 205
164 206
164 209
164 211
164 217
164 218
164 220
164 233
164 240
164 243
165 12
165 76
165 87
165 90
165 96
165 97
165 98
165 99
165 100
165 102
165 104
165 105
165 106
165 111
165 112
165 114
165 124
165 125
165 126
165 132
165 136
165 143
165 145
165 148
165 152
165 153
165 155
165 157
165 160
165 165
165 166
165 171
165 173
165 180
165 181
165 185
165 193
165 196
165 197
165 198
165 202
165 204
165 206
165 211
165 218
165 219
165 227
165 234
165 240
165 243
166 12
166 76
166 86
166 87
166 93
166 98
166 99
166 100
166 103
166 104
166 106
166 108
166 110
166 113
166 114
166 115
166 116
166 120
166 121
166 125
166 127
166 129
166 132
166 138
166 140
166 142
166 143
166 144
166 145
166 147
166 148
166 150
166 151
166 160
166 163
166 164
166 173
166 175
166 178
166 182
166 184
166 186
166 187
166 190
166 199
166 201
166 202
166 203
166 207
166 211
166 213
166 216
166 220
166 226
166 235
166 240
166 243
167 12
167 76
167 86
167 88
167 90
167 91
167 93
167 98
167 101
167 102
167 103
167 105
167 106
167 108
167 111
167 112
167 115
167 123
167 126
167 128
167 129
167 130
167 131
167 132
167 136
167 141
167 144
167 145
167 146
167 150
167 151
167 152
167 166
167 169
167 171
167 172
167 178
167 182
167 188
167 193
167 196
167 204
167 213
167 215
167 219
167 221
167 222
167 225
167 236
167 237
167 238
167 239
167 240
167 243
168 12
168 76
168 84
168 86
168 94
168 95
168 97
168 101
168 102
168 104
168 109
168 110
168 111
168 113
168 119
168 121
168 123
168 132
168 133
168 134
168 136
168 142
168 145
168 146
168 147
168 149
168 151
168 155
168 156
168 157
168 160
168 161
168 162
168 165
168 166
168 175
168 176
168 177
168 182
168 184
168 186
168 193
168 196
168 204
168 206
168 207
168 209
168 211
168 213
168 214
168 218
168 224
168 236
168 243
169 12
169 76
169 84
169 85
169 86
169 87
169 88
169 89
169 93
169 101
169 107
169 110
169 114
169 116
169 118
169 119
169 120
169 121
169 125
169 127
169 128
169 129
169 131
169 133
169 134
169 138
169 140
169 142
169 143
169 144
169 147
169 149
169 150
169 152
169 154
169 155
169 156
169 159
169 162
169 164
169 166
169 171
169 172
169 178
169 181
169 185
169 187
169 189
169 190
169 197
169 198
169 210
169 213
169 214
169 215
169 216
169 217
169 224
169 225
169 226
169 227
169 228
169 229
169 230
169 231
169 232
169 233
169 234
169 235
169 236
169 243
170 12
170 76
170 88
170 89
170 92
170 93
170 104
170 106
170 110
170 111
170 113
170 119
170 125
170 128
170 130
170 131
170 134
170 137
170 146
170 147
170 148
170 150
170 153
170 156
170 164
170 165
170 168
170 179
170 186
170 190
170 194
170 195
170 197
170 200
170 203
170 208
170 212
170 214
170 215
170 216
170 217
170 218
170 219
170 220
170 221
170 243
171 12
171 76
171 88
171 89
171 92
171 94
171 97
171 100
171 104
171 108
171 114
171 117
171 121
171 123
171 126
171 128
171 130
171 135
171 139
171 147
171 150
171 154
171 156
171 166
171 173
171 174
171 175
171 177
171 178
171 179
171 183
171 184
171 201
171 204
171 205
171 206
171 211
171 213
171 217
171 243
172 12
172 72
172 76
172 88
172 89
172 92
172 100
172 103
172 104
172 108
172 110
172 112
172 117
172 118
172 120
172 121
172 131
172 134
172 138
172 141
172 143
172 145
172 146
172 149
172 150
172 151
172 152
172 154
172 155
172 156
172 160
172 161
172 162
172 166
172 168
172 170
172 172
172 173
172 176
172 179
172 180
172 185
172 189
172 196
172 200
172 204
172 206
172 210
172 213
172 214
172 217
172 243
173 12
173 73
173 76
173 88
173 89
173 93
173 98
173 99
173 103
173 104
173 105
173 108
173 109
173 111
173 113
173 117
173 118
173 120
173 125
173 130
173 131
173 134
173 136
173 142
173 143
173 150
173 151
173 152
173 154
173 155
173 156
173 158
173 172
173 173
173 174
173 179
173 180
173 186
173 192
173 196
173 199
173 201
173 202
173 204
173 209
173 213
173 214
173 217
173 243
174 12
174 70
174 74
174 79
174 80
174 88
174 89
174 93
174 94
174 98
174 99
174 100
174 105
174 107
174 108
174 109
174 110
174 113
174 117
174 118
174 120
174 121
174 124
174 132
174 133
174 134
174 137
174 143
174 148
174 152
174 175
174 177
174 181
174 183
174 186
174 192
174 193
174 194
174 196
174 197
174 200
174 201
174 202
174 203
174 206
174 207
174 208
174 212
174 215
174 216
174 217
174 243
175 12
175 71
175 75
175 78
175 82
175 88
175 89
175 92
175 96
175 101
175 107
175 109
175 112
175 121
175 122
175 123
175 127
175 128
175 129
175 132
175 133
175 135
175 141
175 143
175 145
175 150
175 152
175 153
175 154
175 157
175 159
175 161
175 163
175 165
175 168
175 170
175 173
175 178
175 181
175 186
175 187
175 190
175 191
175 194
175 195
175 196
175 198
175 199
175 206
175 207
175 211
175 215
175 243
176 12
176 68
176 69
176 76
176 77
176 78
176 79
176 82
176 88
176 89
176 92
176 93
176 100
176 104
176 105
176 109
176 113
176 117
176 118
176 120
176 122
176 123
176 131
176 136
176 137
176 140
176 141
176 142
176 143
176 146
176 149
176 150
176 154
176 162
176 163
176 165
176 168
176 169
176 170
176 171
176 174
176 176
176 178
176 180
176 187
176 190
176 194
176 195
176 196
176 197
176 209
176 210
176 215
176 231
176 232
176 233
176 234
176 243
177 12
177 68
177 74
177 82
177 93
177 94
177 101
177 102
177 104
177 107
177 112
177 120
177 124
177 126
177 127
177 128
177 130
177 131
177 132
177 133
177 134
177 136
177 137
177 142
177 145
177 146
177 148
177 153
177 154
177 158
177 159
177 160
177 163
177 164
177 165
177 176
177 178
177 184
177 185
177 189
177 192
177 194
177 198
177 201
177 202
177 209
177 210
177 215
177 232
177 234
177 243
178 12
178 72
178 79
178 81
178 83
178 88
178 89
178 91
178 94
178 98
178 118
178 123
178 124
178 128
178 137
178 140
178 143
178 144
178 147
178 148
178 154
178 156
178 157
178 159
178 165
178 166
178 168
178 170
178 171
178 174
178 181
178 183
178 184
178 185
178 186
178 187
178 192
178 194
178 197
178 204
178 207
178 211
178 212
178 213
178 214
178 215
178 229
178 230
178 243
179 12
179 73
179 75
179 77
179 78
179 82
179 84
179 86
179 88
179 92
179 93
179 95
179 96
179 99
179 100
179 103
179 109
179 112
179 119
179 120
179 128
179 132
179 136
179 147
179 148
179 150
179 153
179 155
179 157
179 158
179 159
179 160
179 161
179 163
179 164
179 170
179 171
179 173
179 174
179 176
179 179
179 180
179 182
179 184
179 188
179 190
179 191
179 192
179 196
179 200
179 202
179 203
179 206
179 207
179 208
179 215
179 231
179 243
180 12
180 74
180 75
180 76
180 78
180 83
180 85
180 87
180 88
180 89
180 90
180 91
180 94
180 95
180 96
180 98
180 100
180 102
180 103
180 109
180 110
180 112
180 114
180 117
180 122
180 128
180 129
180 133
180 144
180 154
180 155
180 157
180 159
180 164
180 175
180 176
180 180
180 185
180 190
180 193
180 195
180 198
180 199
180 200
180 201
180 202
180 205
180 206
180 208
180 211
180 212
180 213
180 214
180 232
180 243
181 12
181 74
181 75
181 78
181 83
181 85
181 90
181 94
181 95
181 96
181 97
181 98
181 99
181 100
181 101
181 102
181 103
181 108
181 109
181 110
181 116
181 118
181 125
181 126
181 128
181 131
181 132
181 134
181 135
181 139
181 142
181 144
181 147
181 152
181 155
181 156
181 157
181 158
181 160
181 161
181 166
181 173
181 175
181 177
181 184
181 185
181 188
181 190
181 191
181 193
181 197
181 200
181 202
181 203
181 204
181 206
181 214
181 219
181 220
181 221
181 224
181 225
181 226
181 227
181 232
181 243
182 12
182 74
182 76
182 79
182 85
182 86
182 89
182 91
182 93
182 95
182 97
182 100
182 101
182 102
182 104
182 107
182 112
182 115
182 123
182 128
182 129
182 130
182 139
182 140
182 142
182 144
182 147
182 151
182 153
182 154
182 155
182 158
182 160
182 162
182 176
182 178
182 179
182 184
182 196
182 197
182 208
182 211
182 212
182 213
182 214
182 215
182 216
182 217
182 218
182 227
182 243
183 12
183 74
183 76
183 80
183 84
183 85
183 87
183 91
183 94
183 95
183 96
183 105
183 109
183 110
183 112
183 117
183 119
183 122
183 124
183 125
183 126
183 131
183 133
183 137
183 138
183 145
183 149
183 150
183 152
183 154
183 158
183 160
183 164
183 167
183 168
183 172
183 173
183 174
183 180
183 183
183 184
183 185
183 187
183 188
183 191
183 193
183 194
183 195
183 197
183 199
183 201
183 213
183 225
183 243
184 12
184 74
184 76
184 81
184 82
184 83
184 84
184 85
184 86
184 93
184 94
184 95
184 98
184 103
184 107
184 108
184 113
184 115
184 121
184 122
184 123
184 125
184 135
184 141
184 145
184 149
184 150
184 151
184 154
184 156
184 158
184 165
184 169
184 171
184 177
184 180
184 181
184 185
184 196
184 198
184 199
184 207
184 208
184 211
184 218
184 228
184 243
185 12
185 74
185 76
185 84
185 86
185 87
185 88
185 89
185 90
185 93
185 94
185 95
185 100
185 108
185 111
185 113
185 116
185 118
185 120
185 124
185 125
185 133
185 147
185 152
185 153
185 155
185 156
185 157
185 158
185 159
185 165
185 169
185 173
185 175
185 179
185 180
185 181
185 182
185 187
185 194
185 205
185 209
185 218
185 219
185 220
185 225
185 228
185 243
186 12
186 68
186 74
186 76
186 81
186 82
186 86
186 87
186 88
186 89
186 92
186 95
186 100
186 101
186 109
186 114
186 116
186 119
186 121
186 126
186 128
186 133
186 137
186 143
186 149
186 150
186 151
186 152
186 158
186 160
186 161
186 162
186 165
186 166
186 167
186 169
186 170
186 171
186 173
186 174
186 178
186 180
186 183
186 184
186 189
186 192
186 196
186 203
186 204
186 205
186 210
186 220
186 225
186 228
186 243
187 12
187 69
187 74
187 76
187 82
187 84
187 85
187 91
187 92
187 94
187 98
187 99
187 100
187 108
187 110
187 112
187 113
187 115
187 117
187 118
187 119
187 120
187 123
187 124
187 127
187 133
187 136
187 138
187 140
187 142
187 143
187 144
187 145
187 152
187 156
187 157
187 158
187 160
187 164
187 165
187 168
187 171
187 176
187 178
187 179
187 183
187 184
187 189
187 190
187 191
187 192
187 196
187 201
187 202
187 204
187 207
187 210
187 225
187 228
187 243
188 12
188 70
188 74
188 76
188 77
188 78
188 82
188 88
188 89
188 92
188 95
188 96
188 103
188 104
188 107
188 111
188 116
188 130
188 133
188 141
188 143
188 144
188 145
188 146
188 147
188 148
188 149
188 152
188 153
188 155
188 157
188 163
188 164
188 169
188 172
188 173
188 176
188 177
188 182
188 185
188 187
188 188
188 189
188 190
188 192
188 193
188 198
188 199
188 201
188 205
188 219
188 225
188 228
188 243
189 12
189 71
189 74
189 76
189 77
189 78
189 82
189 88
189 94
189 96
189 108
189 109
189 113
189 114
189 117
189 120
189 121
189 123
189 129
189 130
189 139
189 141
189 142
189 149
189 157
189 159
189 160
189 162
189 163
189 165
189 166
189 167
189 168
189 172
189 173
189 177
189 179
189 181
189 184
189 185
189 190
189 192
189 196
189 198
189 199
189 201
189 207
189 209
189 211
189 216
189 219
189 225
189 228
189 243
190 12
190 72
190 73
190 74
190 75
190 82
190 88
190 89
190 93
190 97
190 98
190 99
190 104
190 106
190 107
190 110
190 111
190 115
190 116
190 118
190 126
190 128
190 131
190 132
190 134
190 135
190 143
190 145
190 146
190 149
190 152
190 158
190 159
190 161
190 166
190 168
190 169
190 171
190 172
190 174
190 175
190 176
190 182
190 186
190 187
190 191
190 199
190 201
190 204
190 210
190 216
190 219
190 225
190 228
190 243
191 12
191 72
191 77
191 81
191 88
191 93
191 97
191 98
191 102
191 104
191 105
191 106
191 107
191 108
191 109
191 110
191 121
191 122
191 124
191 125
191 128
191 131
191 135
191 138
191 144
191 147
191 148
191 151
191 158
191 160
191 163
191 166
191 167
191 176
191 177
191 178
191 185
191 186
191 190
191 196
191 199
191 205
191 206
191 211
191 216
191 219
191 225
191 228
191 243
192 12
192 72
192 74
192 75
192 76
192 77
192 79
192 88
192 89
192 90
192 93
192 94
192 95
192 96
192 98
192 100
192 101
192 103
192 104
192 105
192 106
192 107
192 111
192 112
192 121
192 122
192 124
192 130
192 132
192 134
192 136
192 137
192 138
192 140
192 141
192 142
192 145
192 146
192 147
192 148
192 149
192 150
192 151
192 152
192 153
192 154
192 165
192 175
192 185
192 188
192 189
192 192
192 193
192 198
192 202
192 205
192 212
192 213
192 215
192 216
192 219
192 225
192 228
192 243
193 12
193 72
193 82
193 88
193 93
193 95
193 96
193 97
193 98
193 100
193 101
193 103
193 104
193 107
193 110
193 112
193 117
193 119
193 120
193 123
193 124
193 129
193 137
193 140
193 146
193 147
193 148
193 150
193 152
193 153
193 156
193 159
193 163
193 164
193 169
193 180
193 182
193 184
193 185
193 190
193 191
193 192
193 193
193 195
193 204
193 205
193 207
193 209
193 213
193 217
193 219
193 225
193 228
193 243
194 12
194 72
194 79
194 80
194 81
194 88
194 96
194 102
194 103
194 110
194 115
194 116
194 119
194 123
194 126
194 127
194 130
194 134
194 136
194 140
194 145
194 147
194 151
194 152
194 161
194 177
194 178
194 180
194 181
194 188
194 193
194 194
194 196
194 197
194 203
194 206
194 207
194 210
194 211
194 215
194 219
194 225
194 228
194 243
195 12
195 72
195 76
195 91
195 92
195 93
195 94
195 100
195 101
195 106
195 107
195 112
195 116
195 122
195 123
195 136
195 139
195 140
195 141
195 146
195 147
195 150
195 153
195 154
195 155
195 156
195 157
195 161
195 170
195 173
195 176
195 181
195 185
195 187
195 188
195 192
195 195
195 197
195 199
195 204
195 207
195 211
195 215
195 219
195 225
195 228
195 243
196 12
196 72
196 80
196 93
196 94
196 101
196 109
196 113
196 118
196 119
196 124
196 127
196 131
196 133
196 134
196 139
196 142
196 144
196 147
196 155
196 157
196 158
196 161
196 163
196 164
196 171
196 173
196 177
196 179
196 182
196 184
196 185
196 187
196 188
196 203
196 206
196 209
196 210
196 211
196 215
196 219
196 225
196 228
196 243
197 12
197 72
197 78
197 79
197 88
197 89
197 91
197 96
197 98
197 99
197 100
197 103
197 112
197 114
197 115
197 116
197 118
197 124
197 126
197 127
197 128
197 131
197 137
197 144
197 145
197 146
197 149
197 154
197 156
197 157
197 158
197 159
197 160
197 162
197 170
197 176
197 179
197 180
197 184
197 185
197 188
197 196
197 200
197 203
197 204
197 207
197 215
197 219
197 225
197 228
197 243
198 12
198 72
198 79
198 86
198 87
198 88
198 90
198 91
198 94
198 95
198 98
198 99
198 101
198 103
198 105
198 110
198 112
198 119
198 121
198 122
198 123
198 125
198 126
198 127
198 129
198 130
198 131
198 133
198 134
198 135
198 136
198 140
198 142
198 144
198 148
198 157
198 158
198 160
198 162
198 166
198 167
198 168
198 172
198 173
198 175
198 185
198 195
198 199
198 202
198 203
198 205
198 207
198 215
198 219
198 225
198 228
198 243
199 12
199 72
199 79
199 86
199 88
199 98
199 101
199 102
199 103
199 105
199 107
199 119
199 120
199 122
199 127
199 132
199 133
199 134
199 136
199 137
199 140
199 144
199 145
199 150
199 156
199 158
199 161
199 163
199 166
199 167
199 171
199 172
199 173
199 178
199 179
199 184
199 191
199 193
199 195
199 201
199 202
199 203
199 207
199 215
199 219
199 225
199 228
199 243
200 12
200 72
200 79
200 86
200 90
200 93
200 95
200 103
200 106
200 107
200 108
200 111
200 113
200 114
200 115
200 116
200 120
200 127
200 130
200 134
200 135
200 138
200 139
200 147
200 152
200 153
200 159
200 161
200 162
200 164
200 165
200 166
200 169
200 173
200 179
200 182
200 184
200 187
200 190
200 192
200 197
200 199
200 201
200 202
200 204
200 206
200 208
200 210
200 211
200 212
200 213
200 214
200 215
200 219
200 225
200 228
200 243
201 12
201 72
201 79
201 87
201 91
201 96
201 99
201 111
201 113
201 117
201 118
201 119
201 128
201 129
201 133
201 136
201 138
201 141
201 145
201 150
201 152
201 153
201 154
201 161
201 162
201 166
201 167
201 168
201 172
201 173
201 176
201 178
201 180
201 184
201 185
201 186
201 187
201 191
201 195
201 196
201 198
201 199
201 201
201 203
201 204
201 205
201 206
201 209
201 210
201 219
201 225
201 228
201 243
202 12
202 72
202 79
202 88
202 89
202 99
202 101
202 111
202 117
202 120
202 128
202 130
202 131
202 132
202 135
202 136
202 137
202 139
202 140
202 141
202 148
202 149
202 153
202 154
202 155
202 158
202 161
202 162
202 163
202 167
202 168
202 170
202 173
202 174
202 178
202 180
202 181
202 186
202 187
202 188
202 190
202 194
202 199
202 202
202 203
202 204
202 209
202 210
202 214
202 219
202 225
202 228
202 243
203 12
203 72
203 79
203 86
203 88
203 92
203 97
203 101
203 103
203 106
203 115
203 121
203 124
203 130
203 133
203 137
203 140
203 146
203 153
203 158
203 163
203 171
203 173
203 175
203 176
203 181
203 183
203 184
203 189
203 191
203 192
203 193
203 201
203 211
203 213
203 215
203 219
203 228
203 243
204 12
204 72
204 79
204 86
204 87
204 88
204 89
204 95
204 96
204 98
204 101
204 104
204 105
204 108
204 110
204 113
204 114
204 121
204 132
204 135
204 136
204 137
204 141
204 144
204 146
204 147
204 151
204 154
204 157
204 159
204 166
204 168
204 169
204 170
204 171
204 174
204 179
204 181
204 183
204 184
204 188
204 190
204 192
204 193
204 194
204 196
204 198
204 201
204 208
204 209
204 215
204 217
204 218
204 219
204 224
204 226
204 243
205 12
205 72
205 79
205 89
205 91
205 93
205 96
205 98
205 109
205 111
205 112
205 114
205 117
205 120
205 123
205 124
205 125
205 130
205 131
205 138
205 143
205 144
205 146
205 147
205 156
205 159
205 161
205 163
205 166
205 167
205 174
205 177
205 186
205 192
205 194
205 196
205 197
205 200
205 205
205 213
205 214
205 217
205 225
205 227
205 228
205 229
205 230
205 231
205 232
205 233
205 234
205 235
205 243
206 12
206 72
206 79
206 93
206 95
206 97
206 99
206 107
206 116
206 119
206 121
206 126
206 127
206 129
206 132
206 133
206 137
206 139
206 147
206 158
206 162
206 170
206 171
206 172
206 174
206 182
206 183
206 186
206 190
206 195
206 201
206 203
206 208
206 214
206 215
206 216
206 217
206 219
206 223
206 235
206 243
207 12
207 72
207 79
207 87
207 89
207 93
207 99
207 102
207 111
207 113
207 115
207 121
207 127
207 129
207 134
207 140
207 141
207 145
207 151
207 153
207 156
207 161
207 162
207 163
207 164
207 166
207 174
207 176
207 177
207 181
207 182
207 183
207 188
207 190
207 191
207 195
207 196
207 199
207 200
207 201
207 203
207 209
207 212
207 213
207 214
207 220
207 235
207 243
208 12
208 72
208 79
208 86
208 89
208 94
208 95
208 96
208 98
208 100
208 101
208 102
208 105
208 109
208 111
208 113
208 114
208 116
208 121
208 123
208 127
208 128
208 129
208 131
208 136
208 138
208 143
208 147
208 149
208 153
208 155
208 157
208 158
208 159
208 160
208 162
208 165
208 169
208 172
208 174
208 176
208 177
208 180
208 181
208 184
208 189
208 190
208 191
208 194
208 198
208 199
208 203
208 214
208 217
208 218
208 221
208 222
208 225
208 235
208 243
209 12
209 72
209 80
209 85
209 89
209 95
209 96
209 97
209 98
209 104
209 106
209 111
209 113
209 115
209 116
209 117
209 118
209 122
209 126
209 130
209 132
209 134
209 135
209 138
209 142
209 143
209 144
209 145
209 153
209 155
209 157
209 158
209 163
209 166
209 168
209 171
209 174
209 175
209 176
209 177
209 179
209 180
209 185
209 186
209 189
209 191
209 194
209 195
209 196
209 198
209 199
209 200
209 203
209 204
209 215
209 217
209 220
209 221
209 222
209 235
209 243
210 12
210 72
210 80
210 81
210 82
210 83
210 84
210 89
210 94
210 95
210 96
210 98
210 99
210 102
210 109
210 110
210 112
210 116
210 122
210 129
210 131
210 133
210 139
210 140
210 146
210 148
210 151
210 154
210 156
210 157
210 163
210 166
210 181
210 185
210 189
210 190
210 191
210 192
210 193
210 194
210 196
210 197
210 199
210 213
210 217
210 221
210 223
210 229
210 230
210 235
210 243
211 12
211 72
211 84
211 89
211 90
211 91
211 92
211 98
211 100
211 101
211 102
211 103
211 107
211 111
211 116
211 117
211 120
211 122
211 123
211 126
211 127
211 129
211 130
211 131
211 133
211 135
211 138
211 139
211 142
211 146
211 147
211 149
211 154
211 156
211 157
211 159
211 163
211 170
211 174
211 176
211 179
211 182
211 191
211 192
211 199
211 200
211 201
211 202
211 203
211 204
211 205
211 207
211 213
211 217
211 224
211 230
211 235
211 243
212 12
212 72
212 84
212 92
212 93
212 99
212 101
212 102
212 103
212 105
212 110
212 115
212 117
212 121
212 122
212 123
212 128
212 134
212 135
212 136
212 138
212 145
212 148
212 151
212 154
212 157
212 161
212 165
212 166
212 167
212 176
212 179
212 184
212 185
212 188
212 189
212 190
212 191
212 207
212 213
212 217
212 222
212 225
212 235
212 243
213 12
213 72
213 84
213 94
213 95
213 96
213 99
213 102
213 104
213 106
213 109
213 110
213 114
213 117
213 120
213 121
213 122
213 125
213 127
213 130
213 134
213 136
213 137
213 138
213 143
213 145
213 148
213 152
213 155
213 159
213 161
213 164
213 166
213 168
213 170
213 171
213 174
213 185
213 186
213 187
213 189
213 190
213 193
213 197
213 201
213 202
213 203
213 204
213 205
213 206
213 207
213 213
213 217
213 222
213 226
213 230
213 232
213 235
213 243
214 12
214 72
214 84
214 94
214 97
214 99
214 101
214 102
214 104
214 109
214 111
214 116
214 120
214 121
214 123
214 129
214 136
214 138
214 140
214 144
214 145
214 146
214 149
214 152
214 155
214 162
214 166
214 168
214 169
214 171
214 174
214 181
214 185
214 191
214 192
214 194
214 195
214 196
214 199
214 213
214 217
214 222
214 227
214 233
214 234
214 235
214 243
215 12
215 72
215 84
215 93
215 96
215 97
215 102
215 104
215 106
215 115
215 117
215 124
215 125
215 129
215 136
215 140
215 147
215 148
215 149
215 154
215 155
215 161
215 165
215 172
215 176
215 177
215 179
215 180
215 181
215 182
215 185
215 186
215 189
215 190
215 193
215 198
215 200
215 202
215 213
215 217
215 222
215 228
215 230
215 231
215 233
215 243
216 12
216 72
216 84
216 85
216 86
216 87
216 92
216 96
216 97
216 99
216 101
216 102
216 104
216 107
216 108
216 109
216 110
216 111
216 112
216 114
216 115
216 116
216 118
216 119
216 121
216 123
216 125
216 127
216 128
216 129
216 130
216 133
216 134
216 135
216 136
216 139
216 140
216 145
216 147
216 150
216 152
216 155
216 163
216 165
216 167
216 168
216 171
216 172
216 177
216 178
216 179
216 181
216 189
216 190
216 195
216 199
216 201
216 203
216 213
216 217
216 222
216 223
216 224
216 225
216 226
216 229
216 231
216 233
216 243
217 12
217 72
217 87
217 88
217 89
217 90
217 91
217 97
217 98
217 102
217 103
217 106
217 108
217 109
217 111
217 113
217 115
217 118
217 127
217 128
217 133
217 136
217 144
217 145
217 148
217 150
217 153
217 158
217 167
217 168
217 169
217 170
217 171
217 173
217 178
217 180
217 181
217 183
217 188
217 189
217 191
217 196
217 200
217 202
217 204
217 213
217 215
217 216
217 217
217 228
217 229
217 231
217 233
217 243
218 12
218 72
218 91
218 92
218 93
218 97
218 103
218 108
218 114
218 119
218 120
218 124
218 126
218 128
218 130
218 132
218 137
218 145
218 151
218 153
218 154
218 158
218 159
218 164
218 169
218 170
218 172
218 173
218 174
218 177
218 179
218 180
218 181
218 182
218 183
218 187
218 188
218 191
218 192
218 197
218 201
218 203
218 205
218 213
218 215
218 218
218 231
218 233
218 243
219 12
219 72
219 90
219 93
219 101
219 104
219 105
219 108
219 109
219 115
219 120
219 125
219 129
219 132
219 136
219 138
219 141
219 142
219 144
219 149
219 153
219 157
219 158
219 159
219 160
219 161
219 163
219 168
219 169
219 177
219 181
219 182
219 184
219 187
219 192
219 194
219 198
219 202
219 204
219 206
219 210
219 211
219 212
219 215
219 219
219 231
219 233
219 243
220 12
220 72
220 89
220 93
220 97
220 100
220 108
220 120
220 129
220 131
220 134
220 142
220 144
220 149
220 155
220 158
220 161
220 163
220 164
220 165
220 166
220 173
220 176
220 182
220 184
220 187
220 189
220 190
220 191
220 195
220 199
220 203
220 205
220 207
220 209
220 215
220 220
220 231
220 233
220 243
221 12
221 72
221 81
221 88
221 93
221 100
221 105
221 120
221 122
221 127
221 130
221 135
221 136
221 142
221 144
221 149
221 154
221 158
221 159
221 160
221 161
221 163
221 164
221 166
221 170
221 171
221 172
221 173
221 174
221 179
221 180
221 181
221 182
221 184
221 190
221 193
221 196
221 200
221 204
221 206
221 208
221 211
221 212
221 213
221 214
221 215
221 221
221 231
221 233
221 243
222 12
222 72
222 76
222 81
222 87
222 93
222 100
222 117
222 121
222 122
222 123
222 129
222 131
222 133
222 136
222 141
222 142
222 143
222 144
222 145
222 148
222 149
222 150
222 155
222 156
222 159
222 160
222 162
222 164
222 166
222 168
222 170
222 172
222 174
222 175
222 177
222 180
222 184
222 188
222 190
222 191
222 192
222 193
222 195
222 197
222 201
222 205
222 207
222 209
222 211
222 216
222 222
222 231
222 233
222 243
223 12
223 72
223 76
223 79
223 80
223 86
223 93
223 100
223 114
223 115
223 120
223 124
223 126
223 136
223 144
223 155
223 157
223 158
223 162
223 164
223 165
223 170
223 172
223 176
223 178
223 179
223 180
223 182
223 183
223 184
223 187
223 196
223 198
223 202
223 206
223 208
223 210
223 211
223 217
223 223
223 231
223 233
223 243
224 12
224 72
224 74
224 75
224 76
224 77
224 85
224 93
224 94
224 95
224 96
224 97
224 98
224 99
224 100
224 116
224 118
224 120
224 123
224 124
224 125
224 127
224 128
224 135
224 137
224 138
224 139
224 144
224 157
224 159
224 161
224 163
224 164
224 178
224 179
224 182
224 187
224 197
224 199
224 203
224 204
224 205
224 207
224 209
224 210
224 212
224 218
224 224
224 231
224 233
224 243
225 12
225 72
225 81
225 84
225 92
225 100
225 114
225 116
225 117
225 118
225 119
225 121
225 128
225 132
225 137
225 138
225 140
225 144
225 156
225 161
225 167
225 179
225 180
225 181
225 182
225 184
225 188
225 198
225 200
225 201
225 202
225 204
225 208
225 209
225 211
225 213
225 219
225 225
225 231
225 233
225 243
226 12
226 72
226 91
226 114
226 116
226 117
226 118
226 119
226 120
226 122
226 123
226 124
226 125
226 126
226 127
226 134
226 137
226 141
226 142
226 143
226 144
226 146
226 147
226 148
226 149
226 150
226 151
226 152
226 153
226 154
226 155
226 156
226 157
226 161
226 166
226 167
226 178
226 179
226 185
226 189
226 205
226 206
226 207
226 208
226 210
226 212
226 214
226 220
226 227
226 231
226 233
226 243
227 12
227 72
227 81
227 90
227 99
227 106
227 107
227 108
227 109
227 110
227 113
227 115
227 118
227 119
227 122
227 127
227 133
227 136
227 141
227 146
227 156
227 158
227 159
227 163
227 164
227 165
227 186
227 190
227 201
227 202
227 203
227 204
227 205
227 209
227 211
227 215
227 221
227 228
227 231
227 233
227 243
228 12
228 64
228 72
228 73
228 81
228 82
228 86
228 87
228 88
228 89
228 99
228 100
228 101
228 102
228 103
228 104
228 110
228 111
228 112
228 115
228 119
228 122
228 123
228 124
228 125
228 127
228 132
228 135
228 136
228 141
228 155
228 163
228 164
228 165
228 179
228 187
228 191
228 201
228 206
228 210
228 213
228 216
228 222
228 229
228 231
228 232
228 233
228 243
229 12
229 65
229 73
229 80
229 83
229 85
229 89
229 98
229 115
229 119
229 122
229 125
229 127
229 131
229 132
229 141
229 157
229 158
229 159
229 165
229 180
229 188
229 192
229 193
229 201
229 207
229 212
229 213
229 217
229 223
229 229
229 231
229 243
230 12
230 66
230 73
230 79
230 83
230 84
230 85
230 87
230 88
230 89
230 97
230 115
230 116
230 117
230 119
230 122
230 124
230 127
230 140
230 141
230 150
230 151
230 152
230 153
230 154
230 157
230 158
230 159
230 161
230 162
230 163
230 164
230 165
230 167
230 181
230 189
230 192
230 195
230 196
230 197
230 198
230 199
230 200
230 201
230 209
230 210
230 211
230 212
230 214
230 218
230 229
230 231
230 243
231 12
231 67
231 68
231 69
231 73
231 82
231 85
231 96
231 114
231 117
231 119
231 122
231 124
231 125
231 126
231 127
231 130
231 132
231 140
231 156
231 158
231 161
231 162
231 168
231 182
231 185
231 186
231 187
231 190
231 191
231 192
231 207
231 208
231 209
231 213
231 215
231 219
231 229
231 231
231 243
232 12
232 62
232 67
232 73
232 95
232 97
232 113
232 117
232 119
232 122
232 128
232 132
232 134
232 135
232 136
232 137
232 138
232 139
232 140
232 151
232 152
232 153
232 155
232 158
232 160
232 161
232 162
232 169
232 183
232 184
232 185
232 189
232 190
232 207
232 210
232 214
232 216
232 229
232 231
232 243
233 12
233 63
233 67
233 68
233 69
233 71
233 75
233 86
233 96
233 99
233 112
233 117
233 119
233 122
233 123
233 124
233 125
233 126
233 127
233 129
233 130
233 132
233 134
233 141
233 151
233 153
233 158
233 163
233 170
233 183
233 191
233 207
233 211
233 215
233 217
233 229
233 231
233 243
234 12
234 64
234 72
234 74
234 77
234 78
234 79
234 80
234 97
234 102
234 111
234 117
234 119
234 131
234 134
234 142
234 158
234 164
234 171
234 172
234 173
234 174
234 175
234 176
234 177
234 178
234 179
234 180
234 181
234 182
234 183
234 192
234 203
234 207
234 216
234 229
234 231
234 243
235 12
235 65
235 73
235 74
235 80
235 97
235 103
235 117
235 119
235 132
235 134
235 158
235 171
235 193
235 204
235 207
235 218
235 229
235 231
235 243
236 12
236 66
236 73
236 75
236 76
236 77
236 80
236 101
236 104
236 117
236 120
236 121
236 122
236 123
236 124
236 125
236 126
236 127
236 128
236 129
236 133
236 134
236 141
236 158
236 159
236 160
236 161
236 162
236 163
236 164
236 165
236 166
236 167
236 168
236 171
236 194
236 205
236 207
236 213
236 219
236 228
236 232
236 243
237 12
237 67
237 73
237 74
237 75
237 80
237 99
237 101
237 105
237 109
237 117
237 133
237 135
237 142
237 148
237 149
237 170
237 171
237 195
237 207
237 214
237 220
237 228
237 230
237 233
237 234
237 235
237 243
238 12
238 68
238 76
238 77
238 80
238 108
238 117
238 118
238 119
238 120
238 121
238 122
238 123
238 124
238 125
238 126
238 127
238 128
238 129
238 130
238 131
238 132
238 133
238 136
238 143
238 144
238 145
238 146
238 149
238 150
238 151
238 172
238 196
238 208
238 209
238 215
238 221
238 228
238 230
238 232
238 233
238 235
238 243
239 12
239 69
239 71
239 76
239 78
239 79
239 80
239 101
239 102
239 104
239 105
239 106
239 107
239 116
239 137
239 143
239 148
239 173
239 208
239 210
239 216
239 222
239 225
239 226
239 227
239 231
239 233
239 235
239 243
240 12
240 69
240 70
240 76
240 97
240 99
240 100
240 107
240 115
240 138
240 147
240 155
240 174
240 203
240 204
240 211
240 217
240 223
240 225
240 227
240 231
240 235
240 243
241 12
241 68
241 72
241 76
241 97
241 103
241 105
241 107
241 114
241 146
241 154
241 175
241 190
241 192
241 198
241 203
241 206
241 212
241 218
241 224
241 225
241 230
241 231
241 233
241 234
241 235
241 243
242 12
242 67
242 71
242 76
242 97
242 102
242 107
242 113
242 139
242 153
242 191
242 193
242 194
242 195
242 203
242 213
242 214
242 215
242 216
242 219
242 220
242 221
242 222
242 223
242 224
242 226
242 228
242 230
242 233
242 236
242 243
243 12
243 66
243 70
243 76
243 97
243 98
243 99
243 100
243 101
243 107
243 140
243 144
243 152
243 175
243 176
243 196
243 200
243 209
243 210
243 211
243 212
243 213
243 218
243 219
243 225
243 227
243 228
243 232
243 233
243 237
243 243
244 12
244 65
244 69
244 76
244 101
244 107
244 141
244 144
244 151
244 160
244 161
244 162
244 163
244 164
244 165
244 166
244 167
244 168
244 169
244 170
244 171
244 172
244 173
244 174
244 175
244 178
244 179
244 180
244 181
244 182
244 183
244 184
244 185
244 186
244 187
244 188
244 189
244 193
244 197
244 206
244 207
244 208
244 209
244 214
244 220
244 226
244 227
244 229
244 230
244 231
244 232
244 234
244 238
244 243
245 12
245 64
245 68
245 76
245 101
245 107
245 142
245 144
245 149
245 194
245 198
245 203
245 204
245 205
245 206
245 215
245 221
245 226
245 228
245 229
245 233
245 235
245 239
245 243
246 12
246 63
246 67
246 76
246 96
246 101
246 107
246 143
246 144
246 148
246 161
246 179
246 195
246 199
246 200
246 201
246 202
246 203
246 216
246 222
246 226
246 227
246 228
246 230
246 234
246 236
246 240
246 243
247 12
247 66
247 76
247 95
247 101
247 107
247 143
247 145
247 147
247 162
247 180
247 196
247 199
247 217
247 223
247 229
247 231
247 235
247 237
247 241
247 243
248 12
248 65
248 76
248 94
248 101
248 107
248 108
248 109
248 110
248 111
248 112
248 113
248 114
248 115
248 116
248 117
248 118
248 119
248 120
248 121
248 122
248 123
248 124
248 125
248 126
248 127
248 128
248 129
248 130
248 131
248 132
248 133
248 134
248 135
248 136
248 137
248 138
248 139
248 140
248 141
248 142
248 163
248 181
248 197
248 198
248 199
248 218
248 224
248 230
248 232
248 236
248 238
248 242
248 243
249 12
249 76
249 93
249 101
249 146
249 164
249 182
249 197
249 219
249 225
249 231
249 233
249 237
249 239
249 242
249 244
250 12
250 76
250 92
250 101
250 147
250 165
250 183
250 184
250 185
250 186
250 187
250 188
250 189
250 190
250 191
250 192
250 193
250 194
250 195
250 196
250 197
250 220
250 226
250 232
250 234
250 238
250 240
250 243
250 245
251 12
251 76
251 91
251 101
251 143
251 148
251 166
251 183
251 221
251 227
251 233
251 235
251 239
251 241
251 246
252 12
252 76
252 90
252 101
252 142
252 149
252 167
252 168
252 169
252 170
252 171
252 172
252 173
252 174
252 175
252 176
252 177
252 178
252 179
252 180
252 181
252 182
252 183
252 222
252 228
252 234
252 236
252 240
252 242
252 244
253 12
253 76
253 89
253 101
253 140
253 141
253 150
253 167
253 223
253 229
253 235
253 237
253 241
253 243
253 244
253 246
253 247
253 248
253 249
253 250
253 251
253 252
253 253
253 254
253 255
253 256
253 257
253 258
253 259
253 260
253 261
253 262
253 263
254 12
254 76
254 88
254 101
254 102
254 103
254 104
254 105
254 106
254 107
254 108
254 109
254 110
254 111
254 112
254 113
254 114
254 115
254 116
254 117
254 118
254 119
254 120
254 121
254 122
254 123
254 124
254 125
254 126
254 127
254 128
254 129
254 130
254 131
254 132
254 133
254 134
254 135
254 136
254 137
254 138
254 141
254 142
254 143
254 144
254 145
254 146
254 147
254 148
254 151
254 152
254 153
254 154
254 155
254 156
254 157
254 158
254 159
254 160
254 161
254 162
254 163
254 164
254 165
254 166
254 167
254 224
254 230
254 236
254 238
254 243
254 246
254 263
255 12
255 76
255 87
255 100
255 140
255 150
255 151
255 225
255 231
255 237
255 239
255 242
255 263
256 12
256 76
256 86
256 99
256 139
256 152
256 226
256 232
256 238
256 240
256 242
256 244
256 263
257 12
257 76
257 85
257 98
257 138
257 153
257 239
257 242
257 244
257 263
258 12
258 76
258 84
258 137
258 154
258 241
258 242
258 244
258 249
258 263
259 12
259 76
259 83
259 136
259 228
259 229
259 230
259 231
259 234
259 235
259 236
259 237
259 238
259 239
259 240
259 241
259 243
259 244
259 251
259 252
259 253
259 254
259 255
259 256
259 257
259 263
260 12
260 76
260 82
260 228
260 233
260 234
260 243
260 250
260 252
260 257
260 263
261 12
261 76
261 81
261 156
261 228
261 235
261 242
261 247
261 257
261 263
262 12
262 76
262 80
262 157
262 228
262 236
262 242
262 244
262 248
262 251
262 254
262 257
262 263
263 12
263 76
263 79
263 158
263 225
263 226
263 227
263 228
263 242
263 244
263 249
263 251
263 252
263 253
263 254
263 257
263 263
264 12
264 76
264 77
264 78
264 159
264 242
264 244
264 250
264 257
264 263
265 12
265 78
265 160
265 226
265 238
265 239
265 240
265 241
265 242
265 244
265 251
265 257
265 263
266 12
266 78
266 161
266 227
266 238
266 244
266 245
266 246
266 257
266 263
267 12
267 78
267 162
267 228
267 229
267 230
267 231
267 232
267 233
267 234
267 235
267 236
267 237
267 238
267 246
267 257
267 263
268 12
268 78
268 163
268 228
268 246
268 247
268 248
268 249
268 250
268 253
268 254
268 255
268 256
268 257
268 263
269 12
269 78
269 79
269 80
269 81
269 82
269 83
269 84
269 85
269 86
269 87
269 88
269 89
269 90
269 91
269 92
269 93
269 94
269 95
269 96
269 97
269 98
269 99
269 100
269 101
269 102
269 103
269 104
269 105
269 106
269 107
269 108
269 109
269 110
269 111
269 112
269 113
269 114
269 115
269 116
269 117
269 118
269 119
269 120
269 121
269 122
269 123
269 124
269 164
269 228
269 252
269 253
269 263
270 12
270 77
270 124
270 165
270 228
270 254
270 263
271 12
271 76
271 124
271 125
271 126
271 127
271 128
271 129
271 130
271 131
271 132
271 133
271 134
271 135
271 136
271 137
271 138
271 139
271 140
271 141
271 142
271 143
271 144
271 145
271 146
271 147
271 148
271 149
271 150
271 151
271 152
271 153
271 154
271 155
271 156
271 157
271 158
271 159
271 160
271 161
271 162
271 163
271 166
271 167
271 168
271 169
271 170
271 171
271 172
271 173
271 174
271 175
271 176
271 177
271 178
271 179
271 180
271 181
271 182
271 183
271 184
271 185
271 186
271 187
271 188
271 189
271 190
271 191
271 192
271 193
271 194
271 195
271 196
271 197
271 198
271 199
271 200
271 201
271 202
271 203
271 204
271 205
271 206
271 207
271 208
271 209
271 210
271 211
271 212
271 213
271 214
271 215
271 216
271 217
271 218
271 219
271 220
271 221
271 222
271 223
271 224
271 225
271 226
271 227
271 228
271 255
271 263
272 12
272 75
272 123
272 165
272 166
272 256
272 263
273 12
273 74
273 122
273 167
273 257
273 263
274 12
274 73
274 121
274 168
274 258
274 263
275 12
275 72
275 120
275 169
275 259
275 263
276 12
276 71
276 119
276 170
276 260
276 263
277 12
277 70
277 118
277 171
277 261
277 263
278 12
278 69
278 117
278 172
278 263
279 12
279 68
279 116
279 173
279 263
280 12
280 67
280 115
280 174
280 263
281 12
281 114
281 175
281 263
282 12
282 113
282 263
283 12
283 263
284 12
284 177
284 263
285 12
285 178
285 263
286 12
286 179
286 180
286 181
286 182
286 183
286 184
286 185
286 186
286 187
286 188
286 189
286 190
286 191
286 192
286 193
286 194
286 195
286 196
286 197
286 198
286 199
286 200
286 201
286 202
286 203
286 204
286 205
286 206
286 207
286 208
286 209
286 210
286 211
286 212
286 213
286 214
286 215
286 216
286 217
286 218
286 219
286 220
286 221
286 222
286 223
286 224
286 225
286 226
286 227
286 228
286 229
286 230
286 231
286 232
286 233
286 234
286 235
286 236
286 237
286 238
286 239
286 240
286 241
286 242
286 243
286 244
286 245
286 246
286 247
286 248
286 249
286 250
286 251
286 252
286 253
286 254
286 255
286 256
286 257
286 258
286 259
286 260
286 261
286 262
286 263
287 12
287 179
288 12
288 13
288 14
288 15
288 16
288 17
288 18
288 19
288 20
288 21
288 22
288 23
288 24
288 25
288 26
288 27
288 28
288 29
288 30
288 31
288 32
288 33
288 34
288 35
288 36
288 37
288 38
288 39
288 40
288 41
288 42
288 43
288 44
288 45
288 46
288 47
288 48
288 49
288 50
288 51
288 52
288 53
288 54
288 55
288 56
288 57
288 58
288 59
288 60
288 61
288 62
288 63
288 64
288 65
288 66
288 67
288 68
288 69
288 70
288 71
288 72
288 73
288 74
288 75
288 76
288 77
288 78
288 79
288 80
288 81
288 82
288 83
288 84
288 85
288 86
288 87
288 88
288 89
288 90
288 91
288 92
288 93
288 94
288 95
288 96
288 97
288 98
288 99
288 100
288 101
288 102
288 103
288 104
288 105
288 106
288 107
288 108
288 109
288 110
288 111
288 112
288 113
288 114
288 115
288 116
288 117
288 118
288 119
288 120
288 121
288 122
288 123
288 124
288 125
288 126
288 127
288 128
288 129
288 130
288 131
288 132
288 133
288 134
288 135
288 136
288 137
288 138
288 139
288 140
288 141
288 142
288 143
288 144
288 145
288 146
288 147
288 148
288 149
288 150
288 151
288 152
288 153
288 154
288 155
288 156
288 157
288 158
288 159
288 160
288 161
288 162
288 163
288 164
288 165
288 166
288 167
288 168
288 169
288 170
288 171
288 172
288 173
288 174
288 175
288 176
288 177
288 178
288 179
