# step:2100000
14 13
14 178
15 14
15 177
16 15
16 176
16 262
17 16
17 111
17 112
17 113
17 114
17 115
17 116
17 117
17 118
17 119
17 120
17 121
17 122
17 123
17 124
17 125
17 126
17 127
17 128
17 129
17 130
17 131
17 132
17 133
17 134
17 135
17 136
17 137
17 138
17 139
17 140
17 141
17 142
17 143
17 144
17 145
17 146
17 147
17 148
17 149
17 150
17 151
17 152
17 153
17 154
17 155
17 156
17 157
17 158
17 159
17 160
17 161
17 162
17 163
17 164
17 165
17 166
17 167
17 168
17 169
17 170
17 171
17 172
17 173
17 174
17 175
17 178
17 179
17 180
17 181
17 182
17 183
17 184
17 185
17 186
17 187
17 188
17 189
17 190
17 191
17 192
17 193
17 194
17 195
17 196
17 197
17 198
17 199
17 200
17 201
17 202
17 203
17 204
17 205
17 206
17 207
17 208
17 209
17 210
17 211
17 212
17 213
17 214
17 215
17 216
17 217
17 218
17 219
17 220
17 221
17 222
17 223
17 224
17 225
17 226
17 227
17 228
17 229
17 230
17 231
17 232
17 233
17 234
17 235
17 236
17 237
17 238
17 239
17 240
17 241
17 242
17 243
17 244
17 245
17 246
17 247
17 248
17 249
17 250
17 251
17 252
17 253
17 254
17 255
17 256
17 257
17 258
17 259
17 260
17 261
18 17
18 111
18 175
18 176
18 261
19 18
19 65
19 66
19 67
19 68
19 69
19 70
19 71
19 72
19 73
19 74
19 75
19 76
19 77
19 78
19 79
19 80
19 81
19 82
19 83
19 84
19 85
19 86
19 87
19 88
19 89
19 90
19 91
19 92
19 93
19 94
19 95
19 96
19 97
19 98
19 99
19 100
19 101
19 102
19 103
19 104
19 105
19 106
19 107
19 108
19 109
19 110
19 111
19 174
19 261
20 19
20 65
20 112
20 173
20 261
21 20
21 65
21 113
21 172
21 261
22 21
22 65
22 114
22 171
22 261
22 262
23 22
23 65
23 115
23 170
23 260
24 23
24 65
24 116
24 169
24 259
25 24
25 65
25 117
25 168
25 258
26 25
26 65
26 118
26 167
26 257
27 26
27 65
27 119
27 166
27 256
28 27
28 65
28 120
28 165
28 255
29 28
29 65
29 121
29 254
30 29
30 65
30 122
30 253
31 30
31 65
31 123
31 163
31 227
32 31
32 65
32 162
32 226
33 32
33 65
33 161
33 225
33 246
33 247
33 248
33 249
33 250
33 251
33 254
33 255
33 256
33 257
34 33
34 65
34 160
34 224
34 246
34 251
34 252
34 257
35 34
35 65
35 159
35 223
35 237
35 244
35 245
35 246
35 250
35 257
36 35
36 65
36 158
36 222
36 236
36 244
36 249
36 257
37 36
37 65
37 157
37 221
37 226
37 227
37 228
37 229
37 230
37 231
37 232
37 233
37 234
37 235
37 238
37 239
37 240
37 241
37 244
37 248
37 257
38 37
38 65
38 77
38 156
38 220
38 224
38 235
38 236
38 241
38 244
38 247
38 257
39 38
39 65
39 78
39 155
39 219
39 223
39 227
39 234
39 241
39 244
39 246
39 252
39 253
39 257
40 39
40 65
40 79
40 154
40 218
40 222
40 226
40 233
40 241
40 244
40 245
40 257
41 40
41 65
41 80
41 135
41 136
41 137
41 138
41 139
41 140
41 141
41 142
41 143
41 144
41 145
41 146
41 147
41 148
41 149
41 150
41 151
41 152
41 153
41 156
41 157
41 158
41 159
41 160
41 161
41 162
41 163
41 164
41 165
41 166
41 167
41 168
41 169
41 170
41 171
41 172
41 173
41 174
41 175
41 176
41 177
41 178
41 179
41 180
41 181
41 182
41 183
41 184
41 185
41 186
41 187
41 188
41 189
41 190
41 191
41 192
41 193
41 194
41 195
41 196
41 197
41 198
41 199
41 200
41 201
41 202
41 203
41 204
41 205
41 206
41 207
41 208
41 209
41 210
41 211
41 212
41 213
41 214
41 215
41 216
41 217
41 221
41 225
41 241
41 245
41 250
41 252
41 257
42 41
42 65
42 81
42 135
42 153
42 154
42 217
42 218
42 219
42 220
42 224
42 251
42 252
42 253
42 254
42 255
42 256
42 257
43 42
43 65
43 82
43 97
43 98
43 99
43 100
43 101
43 102
43 103
43 104
43 105
43 106
43 107
43 108
43 109
43 110
43 111
43 112
43 113
43 114
43 115
43 116
43 117
43 118
43 119
43 120
43 121
43 122
43 123
43 124
43 125
43 126
43 127
43 128
43 129
43 130
43 131
43 132
43 133
43 134
43 135
43 152
43 216
43 220
43 221
43 222
43 223
43 228
43 229
43 230
43 231
43 234
43 235
43 236
43 237
43 238
43 239
43 240
43 244
43 248
44 43
44 65
44 83
44 97
44 136
44 151
44 215
44 219
44 223
44 224
44 225
44 226
44 231
44 232
44 240
44 241
44 244
44 247
44 249
45 44
45 65
45 84
45 97
45 137
45 150
45 214
45 218
45 222
45 230
45 241
45 244
45 246
45 248
46 45
46 65
46 85
46 97
46 138
46 213
46 217
46 221
46 229
46 241
46 244
46 245
46 247
47 46
47 65
47 86
47 97
47 212
47 216
47 220
47 228
47 241
48 47
48 65
48 87
48 97
48 148
48 166
48 211
48 215
48 219
48 227
48 245
49 48
49 65
49 88
49 97
49 140
49 147
49 165
49 210
49 214
49 218
49 226
49 245
49 246
49 247
50 49
50 65
50 89
50 97
50 141
50 146
50 164
50 182
50 209
50 213
50 217
50 225
50 244
50 247
51 50
51 63
51 64
51 65
51 90
51 97
51 142
51 143
51 145
51 163
51 181
51 208
51 212
51 216
51 224
51 247
52 51
52 63
52 66
52 91
52 97
52 106
52 107
52 108
52 109
52 110
52 111
52 112
52 113
52 114
52 115
52 116
52 117
52 118
52 119
52 120
52 121
52 122
52 123
52 124
52 125
52 126
52 127
52 128
52 129
52 130
52 131
52 132
52 133
52 134
52 135
52 136
52 137
52 138
52 139
52 140
52 141
52 142
52 162
52 180
52 196
52 207
52 211
52 215
52 223
52 241
52 247
53 52
53 61
53 62
53 63
53 67
53 92
53 97
53 106
53 145
53 161
53 179
53 195
53 206
53 210
53 214
53 222
53 240
53 247
54 53
54 61
54 64
54 68
54 93
54 97
54 106
54 142
54 144
54 146
54 160
54 178
54 194
54 198
54 205
54 209
54 213
54 221
54 239
54 247
55 54
55 61
55 65
55 69
55 94
55 97
55 106
55 141
55 145
55 146
55 159
55 177
55 193
55 197
55 204
55 208
55 212
55 220
55 238
55 247
56 55
56 61
56 66
56 70
56 95
56 96
56 97
56 106
56 140
56 145
56 147
56 150
56 151
56 152
56 153
56 154
56 155
56 156
56 157
56 158
56 161
56 162
56 163
56 164
56 165
56 166
56 167
56 168
56 169
56 170
56 171
56 172
56 173
56 174
56 175
56 176
56 179
56 180
56 181
56 182
56 183
56 184
56 185
56 186
56 187
56 188
56 189
56 190
56 191
56 192
56 196
56 202
56 207
56 211
56 219
56 227
56 237
56 247
57 56
57 61
57 67
57 71
57 95
57 106
57 139
57 145
57 148
57 149
57 150
57 158
57 159
57 176
57 177
57 192
57 195
57 201
57 205
57 210
57 218
57 228
57 236
57 247
58 57
58 61
58 68
58 72
58 95
58 106
58 112
58 113
58 114
58 115
58 116
58 117
58 118
58 119
58 120
58 121
58 122
58 123
58 124
58 125
58 126
58 127
58 128
58 129
58 130
58 131
58 132
58 133
58 134
58 135
58 136
58 137
58 138
58 145
58 146
58 147
58 148
58 157
58 159
58 160
58 161
58 162
58 163
58 164
58 165
58 166
58 167
58 168
58 169
58 170
58 171
58 172
58 173
58 174
58 177
58 178
58 179
58 180
58 181
58 182
58 183
58 184
58 185
58 186
58 187
58 188
58 189
58 192
58 193
58 194
58 204
58 208
58 229
58 230
58 231
58 235
58 247
59 58
59 61
59 69
59 73
59 95
59 98
59 106
59 112
59 138
59 149
59 156
59 158
59 174
59 175
59 190
59 192
59 200
59 207
59 229
59 231
59 232
59 234
59 247
60 59
60 61
60 70
60 73
60 95
60 99
60 100
60 101
60 104
60 106
60 112
60 138
60 139
60 145
60 150
60 155
60 157
60 173
60 191
60 193
60 194
60 195
60 196
60 197
60 199
60 201
60 204
60 205
60 216
60 232
60 247
61 60
61 61
61 77
61 78
61 79
61 80
61 81
61 82
61 83
61 84
61 85
61 86
61 87
61 88
61 89
61 90
61 91
61 92
61 93
61 94
61 95
61 102
61 103
61 104
61 105
61 106
61 112
61 139
61 145
61 151
61 154
61 156
61 172
61 194
61 197
61 198
61 199
61 202
61 205
61 208
61 215
61 226
61 230
61 232
61 233
61 234
61 247
62 60
62 62
62 70
62 72
62 77
62 96
62 103
62 112
62 139
62 142
62 146
62 152
62 154
62 171
62 193
62 201
62 204
62 205
62 214
62 230
62 232
62 234
62 247
63 60
63 63
63 72
63 78
63 79
63 97
63 99
63 100
63 101
63 102
63 103
63 104
63 105
63 106
63 112
63 133
63 139
63 141
63 152
63 154
63 170
63 192
63 194
63 201
63 203
63 207
63 213
63 231
63 234
63 247
64 60
64 64
64 71
64 79
64 97
64 100
64 102
64 103
64 104
64 106
64 112
64 132
64 139
64 140
64 150
64 153
64 191
64 193
64 201
64 202
64 212
64 247
65 60
65 65
65 70
65 74
65 79
65 96
65 99
65 100
65 105
65 106
65 107
65 108
65 109
65 112
65 119
65 138
65 140
65 148
65 152
65 190
65 192
65 200
65 202
65 206
65 211
65 230
65 247
66 60
66 66
66 67
66 68
66 69
66 75
66 76
66 78
66 79
66 85
66 86
66 87
66 88
66 89
66 90
66 91
66 92
66 93
66 94
66 95
66 98
66 102
66 105
66 106
66 111
66 112
66 120
66 121
66 122
66 123
66 124
66 125
66 126
66 127
66 128
66 129
66 137
66 140
66 141
66 142
66 143
66 149
66 152
66 159
66 160
66 161
66 162
66 163
66 164
66 165
66 168
66 189
66 191
66 199
66 202
66 206
66 208
66 209
66 210
66 213
66 214
66 215
66 216
66 217
66 230
66 247
67 60
67 66
67 67
67 68
67 69
67 75
67 84
67 86
67 87
67 98
67 100
67 101
67 103
67 104
67 107
67 113
67 120
67 121
67 122
67 123
67 124
67 125
67 126
67 127
67 128
67 129
67 130
67 132
67 136
67 143
67 149
67 153
67 159
67 165
67 167
67 188
67 190
67 198
67 202
67 205
67 210
67 211
67 217
67 218
67 230
67 247
68 60
68 65
68 81
68 82
68 83
68 94
68 95
68 103
68 104
68 108
68 114
68 120
68 121
68 128
68 131
68 143
68 144
68 145
68 146
68 147
68 148
68 152
68 159
68 165
68 166
68 182
68 187
68 189
68 197
68 202
68 203
68 204
68 209
68 218
68 230
68 247
69 60
69 64
69 68
69 69
69 70
69 73
69 78
69 79
69 80
69 82
69 83
69 87
69 94
69 99
69 100
69 101
69 102
69 105
69 109
69 115
69 120
69 121
69 123
69 124
69 125
69 126
69 127
69 129
69 130
69 131
69 142
69 148
69 154
69 159
69 164
69 166
69 181
69 186
69 196
69 204
69 208
69 218
69 219
69 220
69 230
69 247
70 60
70 63
70 70
70 71
70 73
70 74
70 75
70 76
70 77
70 79
70 80
70 84
70 86
70 87
70 88
70 89
70 90
70 91
70 92
70 93
70 94
70 98
70 99
70 100
70 101
70 102
70 106
70 110
70 120
70 121
70 123
70 128
70 129
70 131
70 148
70 151
70 152
70 153
70 154
70 159
70 160
70 163
70 166
70 180
70 184
70 195
70 204
70 217
70 220
70 230
70 247
71 60
71 61
71 62
71 70
71 71
71 77
71 81
71 86
71 95
71 103
71 107
71 111
71 120
71 121
71 123
71 125
71 126
71 128
71 131
71 132
71 141
71 148
71 149
71 160
71 166
71 179
71 183
71 187
71 191
71 204
71 205
71 206
71 207
71 208
71 216
71 220
71 221
71 222
71 223
71 224
71 230
71 247
72 62
72 69
72 77
72 82
72 84
72 86
72 87
72 88
72 96
72 108
72 120
72 121
72 123
72 124
72 126
72 128
72 134
72 135
72 136
72 137
72 140
72 147
72 149
72 150
72 151
72 152
72 153
72 154
72 162
72 163
72 164
72 166
72 167
72 178
72 182
72 186
72 190
72 200
72 203
72 208
72 209
72 210
72 211
72 215
72 219
72 224
72 230
72 247
73 62
73 68
73 72
73 77
73 83
73 84
73 85
73 97
73 110
73 117
73 118
73 120
73 121
73 126
73 128
73 131
73 133
73 137
73 139
73 148
73 162
73 166
73 167
73 177
73 181
73 185
73 189
73 193
73 199
73 202
73 211
73 212
73 214
73 218
73 224
73 230
73 247
74 62
74 67
74 73
74 77
74 84
74 105
74 111
74 112
74 117
74 120
74 121
74 123
74 124
74 125
74 126
74 128
74 130
74 132
74 135
74 137
74 138
74 146
74 156
74 158
74 159
74 166
74 167
74 168
74 169
74 170
74 171
74 172
74 173
74 174
74 175
74 176
74 179
74 180
74 184
74 188
74 192
74 198
74 212
74 217
74 224
74 230
74 232
74 247
75 62
75 63
75 64
75 65
75 66
75 74
75 75
75 76
75 77
75 81
75 85
75 100
75 106
75 111
75 115
75 121
75 128
75 129
75 131
75 138
75 146
75 157
75 165
75 176
75 177
75 180
75 181
75 182
75 183
75 187
75 191
75 197
75 216
75 224
75 225
75 226
75 229
75 232
75 247
76 66
76 72
76 73
76 74
76 82
76 86
76 101
76 107
76 110
76 120
76 122
76 123
76 124
76 125
76 126
76 127
76 129
76 131
76 133
76 135
76 146
76 160
76 165
76 166
76 175
76 177
76 178
76 183
76 186
76 190
76 196
76 199
76 203
76 215
76 223
76 226
76 227
76 228
76 232
76 247
77 66
77 72
77 74
77 75
77 76
77 77
77 79
77 80
77 82
77 87
77 102
77 108
77 110
77 112
77 117
77 119
77 121
77 122
77 126
77 130
77 131
77 146
77 155
77 158
77 160
77 165
77 166
77 169
77 174
77 176
77 180
77 181
77 183
77 184
77 185
77 189
77 195
77 200
77 201
77 202
77 206
77 214
77 222
77 228
77 232
77 247
78 66
78 72
78 76
78 82
78 88
78 102
78 108
78 110
78 113
78 116
78 119
78 121
78 122
78 123
78 125
78 127
78 128
78 135
78 140
78 141
78 142
78 143
78 146
78 148
78 149
78 150
78 151
78 154
78 163
78 166
78 171
78 173
78 181
78 185
78 189
78 190
78 191
78 192
78 193
78 194
78 203
78 204
78 205
78 207
78 213
78 221
78 228
78 232
78 247
79 66
79 72
79 73
79 74
79 76
79 82
79 89
79 102
79 105
79 106
79 107
79 109
79 113
79 124
79 130
79 135
79 139
79 151
79 153
79 156
79 163
79 165
79 167
79 171
79 173
79 178
79 179
79 181
79 182
79 183
79 185
79 189
79 194
79 206
79 208
79 212
79 220
79 228
79 232
79 247
80 66
80 74
80 78
80 79
80 82
80 90
80 96
80 97
80 102
80 108
80 113
80 115
80 116
80 119
80 123
80 124
80 126
80 129
80 131
80 132
80 138
80 141
80 143
80 152
80 155
80 165
80 167
80 168
80 176
80 177
80 178
80 183
80 185
80 186
80 187
80 188
80 189
80 191
80 192
80 207
80 209
80 219
80 228
80 232
80 247
81 66
81 74
81 75
81 76
81 77
81 78
81 79
81 83
81 91
81 96
81 102
81 103
81 104
81 105
81 109
81 110
81 118
81 119
81 124
81 126
81 128
81 130
81 132
81 133
81 138
81 141
81 143
81 151
81 154
81 156
81 159
81 160
81 167
81 168
81 172
81 174
81 177
81 178
81 179
81 180
81 181
81 183
81 185
81 186
81 188
81 192
81 193
81 208
81 218
81 228
81 232
81 247
82 66
82 78
82 79
82 84
82 96
82 97
82 98
82 99
82 106
82 107
82 111
82 112
82 113
82 119
82 127
82 128
82 130
82 131
82 133
82 134
82 137
82 143
82 145
82 146
82 147
82 148
82 150
82 152
82 154
82 155
82 156
82 157
82 161
82 166
82 167
82 170
82 172
82 173
82 174
82 176
82 178
82 179
82 180
82 183
82 185
82 186
82 188
82 189
82 190
82 191
82 193
82 213
82 217
82 228
82 232
82 247
83 66
83 78
83 79
83 85
83 96
83 98
83 99
83 102
83 104
83 105
83 106
83 107
83 109
83 116
83 122
83 127
83 129
83 131
83 133
83 134
83 135
83 140
83 141
83 142
83 143
83 144
83 146
83 155
83 156
83 166
83 167
83 168
83 176
83 178
83 184
83 185
83 186
83 189
83 190
83 210
83 211
83 212
83 216
83 228
83 229
83 230
83 232
83 247
84 66
84 78
84 79
84 87
84 96
84 101
84 105
84 107
84 110
84 112
84 116
84 117
84 119
84 121
84 123
84 124
84 126
84 129
84 130
84 131
84 132
84 134
84 135
84 140
84 141
84 142
84 143
84 147
84 149
84 156
84 158
84 162
84 165
84 166
84 174
84 176
84 177
84 179
84 182
84 184
84 185
84 190
84 192
84 212
84 230
84 232
84 247
85 66
85 78
85 79
85 84
85 88
85 103
85 106
85 113
85 117
85 124
85 138
85 148
85 149
85 151
85 154
85 162
85 164
85 166
85 175
85 176
85 180
85 182
85 183
85 184
85 185
85 187
85 193
85 194
85 212
85 230
85 232
85 247
86 66
86 78
86 79
86 85
86 89
86 100
86 101
86 103
86 106
86 107
86 108
86 109
86 112
86 116
86 118
86 119
86 121
86 123
86 127
86 128
86 130
86 132
86 144
86 152
86 155
86 157
86 159
86 162
86 163
86 164
86 166
86 167
86 168
86 171
86 173
86 178
86 183
86 184
86 194
86 195
86 196
86 197
86 212
86 223
86 226
86 232
86 247
87 66
87 78
87 79
87 86
87 90
87 95
87 98
87 100
87 103
87 110
87 117
87 118
87 124
87 125
87 130
87 131
87 137
87 147
87 148
87 153
87 155
87 157
87 158
87 160
87 163
87 167
87 170
87 172
87 175
87 177
87 180
87 184
87 186
87 187
87 188
87 189
87 190
87 193
87 197
87 198
87 202
87 203
87 204
87 205
87 206
87 207
87 208
87 212
87 224
87 225
87 229
87 247
88 66
88 78
88 79
88 87
88 91
88 92
88 93
88 98
88 100
88 101
88 103
88 112
88 113
88 115
88 119
88 124
88 126
88 128
88 133
88 135
88 144
88 146
88 147
88 149
88 153
88 155
88 157
88 158
88 167
88 169
88 173
88 175
88 178
88 184
88 188
88 191
88 192
88 194
88 195
88 196
88 200
88 208
88 212
88 224
88 225
88 229
88 231
88 234
88 247
89 66
89 78
89 79
89 88
89 89
89 90
89 91
89 100
89 107
89 110
89 114
89 119
89 120
89 125
89 126
89 127
89 130
89 133
89 137
89 139
89 140
89 146
89 147
89 149
89 168
89 169
89 170
89 171
89 182
89 183
89 186
89 187
89 192
89 193
89 196
89 197
89 200
89 201
89 202
89 203
89 204
89 205
89 206
89 208
89 212
89 223
89 226
89 227
89 228
89 229
89 230
89 233
89 247
90 66
90 78
90 79
90 88
90 93
90 106
90 109
90 111
90 114
90 118
90 121
90 124
90 132
90 134
90 136
90 137
90 140
90 141
90 145
90 148
90 150
90 166
90 167
90 168
90 169
90 171
90 172
90 173
90 175
90 177
90 178
90 180
90 181
90 187
90 188
90 189
90 190
90 193
90 196
90 197
90 198
90 206
90 208
90 212
90 226
90 229
90 232
90 247
91 66
91 78
91 88
91 90
91 93
91 97
91 101
91 104
91 112
91 117
91 118
91 123
91 124
91 125
91 127
91 130
91 132
91 134
91 135
91 136
91 137
91 138
91 141
91 142
91 143
91 144
91 145
91 147
91 149
91 150
91 152
91 153
91 154
91 158
91 167
91 168
91 169
91 170
91 171
91 174
91 175
91 176
91 177
91 178
91 179
91 180
91 182
91 184
91 186
91 188
91 195
91 198
91 200
91 203
91 204
91 205
91 208
91 212
91 215
91 216
91 220
91 226
91 231
91 247
92 66
92 76
92 81
92 88
92 91
92 93
92 94
92 99
92 100
92 103
92 105
92 106
92 113
92 115
92 123
92 129
92 131
92 133
92 136
92 137
92 139
92 140
92 141
92 146
92 147
92 148
92 149
92 150
92 151
92 152
92 153
92 155
92 159
92 162
92 164
92 165
92 167
92 169
92 170
92 178
92 181
92 182
92 184
92 187
92 190
92 197
92 206
92 208
92 216
92 224
92 225
92 226
92 227
92 228
92 229
92 230
92 231
92 247
93 66
93 77
93 82
93 88
93 92
93 93
93 97
93 99
93 103
93 104
93 106
93 109
93 113
93 114
93 120
93 122
93 125
93 130
93 132
93 135
93 137
93 139
93 142
93 144
93 145
93 147
93 149
93 150
93 151
93 153
93 155
93 161
93 163
93 164
93 168
93 170
93 171
93 173
93 175
93 178
93 179
93 182
93 185
93 186
93 187
93 195
93 196
93 197
93 200
93 201
93 202
93 204
93 206
93 208
93 209
93 210
93 211
93 212
93 213
93 224
93 226
93 232
93 247
94 66
94 77
94 83
94 88
94 92
94 94
94 95
94 96
94 97
94 98
94 100
94 101
94 107
94 108
94 109
94 113
94 115
94 117
94 118
94 119
94 120
94 122
94 128
94 132
94 138
94 140
94 141
94 143
94 144
94 145
94 151
94 153
94 168
94 169
94 170
94 171
94 172
94 173
94 175
94 178
94 179
94 180
94 185
94 186
94 189
94 192
94 197
94 198
94 202
94 204
94 210
94 211
94 217
94 218
94 222
94 226
94 233
94 247
95 66
95 77
95 84
95 90
95 92
95 94
95 96
95 98
95 100
95 108
95 109
95 116
95 119
95 120
95 122
95 125
95 128
95 139
95 148
95 150
95 155
95 156
95 159
95 161
95 167
95 173
95 177
95 178
95 179
95 185
95 188
95 189
95 191
95 192
95 196
95 197
95 200
95 202
95 204
95 210
95 211
95 212
95 213
95 218
95 222
95 234
95 247
96 66
96 77
96 85
96 86
96 87
96 88
96 92
96 94
96 95
96 97
96 99
96 101
96 103
96 114
96 117
96 120
96 121
96 122
96 136
96 138
96 140
96 148
96 150
96 152
96 153
96 155
96 158
96 165
96 170
96 171
96 178
96 179
96 181
96 183
96 185
96 187
96 189
96 190
96 191
96 193
96 195
96 201
96 202
96 203
96 204
96 210
96 215
96 216
96 218
96 219
96 220
96 221
96 222
96 223
96 247
97 66
97 77
97 85
97 97
97 100
97 106
97 107
97 109
97 113
97 114
97 121
97 122
97 123
97 124
97 125
97 127
97 133
97 134
97 137
97 141
97 143
97 148
97 158
97 160
97 164
97 165
97 167
97 175
97 176
97 177
97 178
97 186
97 187
97 191
97 195
97 197
97 199
97 200
97 204
97 205
97 206
97 207
97 211
97 213
97 214
97 216
97 222
97 223
97 247
98 66
98 77
98 85
98 87
98 89
98 90
98 91
98 93
98 99
98 100
98 102
98 104
98 105
98 107
98 111
98 112
98 113
98 115
98 117
98 118
98 119
98 121
98 123
98 125
98 126
98 131
98 132
98 134
98 135
98 136
98 140
98 143
98 144
98 147
98 148
98 149
98 150
98 152
98 157
98 159
98 160
98 162
98 170
98 172
98 174
98 180
98 186
98 187
98 188
98 194
98 199
98 200
98 204
98 209
98 214
98 218
98 222
98 223
98 224
98 225
98 227
98 247
99 66
99 77
99 85
99 90
99 91
99 92
99 95
99 97
99 100
99 102
99 103
99 104
99 108
99 112
99 113
99 118
99 119
99 124
99 125
99 126
99 127
99 129
99 133
99 134
99 139
99 140
99 141
99 143
99 145
99 146
99 147
99 150
99 152
99 156
99 159
99 165
99 166
99 171
99 172
99 175
99 176
99 179
99 182
99 185
99 189
99 212
99 215
99 217
99 222
99 226
99 247
100 66
100 77
100 85
100 89
100 90
100 92
100 97
100 100
100 101
100 102
100 103
100 105
100 109
100 120
100 122
100 125
100 126
100 130
100 131
100 132
100 134
100 135
100 138
100 141
100 144
100 146
100 147
100 155
100 156
100 158
100 160
100 163
100 165
100 174
100 175
100 179
100 183
100 188
100 189
100 190
100 197
100 211
100 214
100 215
100 216
100 222
100 226
100 247
101 66
101 77
101 85
101 89
101 96
101 97
101 101
101 102
101 104
101 105
101 110
101 114
101 115
101 116
101 118
101 119
101 123
101 124
101 128
101 129
101 131
101 132
101 133
101 138
101 139
101 143
101 144
101 145
101 146
101 151
101 157
101 160
101 167
101 168
101 170
101 172
101 174
101 175
101 176
101 178
101 180
101 185
101 186
101 188
101 189
101 193
101 196
101 198
101 205
101 216
101 222
101 226
101 247
102 66
102 77
102 85
102 87
102 89
102 90
102 93
102 95
102 96
102 97
102 99
102 105
102 107
102 109
102 110
102 111
102 112
102 116
102 117
102 124
102 128
102 129
102 130
102 131
102 136
102 137
102 138
102 139
102 140
102 142
102 143
102 146
102 151
102 152
102 153
102 155
102 159
102 160
102 164
102 165
102 168
102 169
102 174
102 185
102 186
102 187
102 188
102 189
102 192
102 197
102 198
102 200
102 210
102 211
102 212
102 213
102 214
102 216
102 222
102 226
102 247
103 66
103 77
103 85
103 89
103 92
103 102
103 105
103 110
103 112
103 116
103 117
103 121
103 128
103 133
103 134
103 135
103 136
103 138
103 139
103 140
103 143
103 145
103 146
103 151
103 152
103 153
103 155
103 159
103 163
103 164
103 165
103 170
103 171
103 176
103 177
103 178
103 180
103 181
103 183
103 184
103 186
103 187
103 188
103 190
103 194
103 196
103 204
103 214
103 216
103 222
103 226
103 247
104 66
104 85
104 86
104 87
104 90
104 93
104 94
104 102
104 112
104 114
104 115
104 116
104 119
104 122
104 123
104 125
104 131
104 137
104 142
104 143
104 150
104 152
104 163
104 164
104 165
104 166
104 167
104 168
104 174
104 175
104 177
104 181
104 183
104 186
104 187
104 195
104 202
104 205
104 214
104 216
104 222
104 226
104 247
105 66
105 78
105 87
105 90
105 92
105 99
105 100
105 104
105 108
105 113
105 122
105 129
105 130
105 131
105 135
105 136
105 140
105 143
105 145
105 152
105 156
105 167
105 168
105 172
105 176
105 180
105 183
105 186
105 189
105 191
105 192
105 193
105 194
105 197
105 198
105 202
105 204
105 205
105 208
105 214
105 216
105 222
105 226
105 247
106 66
106 74
106 79
106 80
106 87
106 95
106 97
106 98
106 104
106 108
106 109
106 112
106 116
106 120
106 121
106 122
106 125
106 126
106 129
106 130
106 132
106 135
106 148
106 149
106 151
106 152
106 159
106 163
106 165
106 166
106 171
106 172
106 177
106 178
106 182
106 186
106 193
106 194
106 196
106 201
106 203
106 205
106 206
106 209
106 210
106 214
106 216
106 222
106 226
106 247
107 66
107 75
107 77
107 82
107 87
107 89
107 97
107 98
107 99
107 108
107 109
107 113
107 114
107 115
107 116
107 121
107 125
107 126
107 127
107 130
107 133
107 139
107 141
107 142
107 143
107 144
107 146
107 148
107 149
107 150
107 153
107 156
107 157
107 160
107 164
107 167
107 168
107 170
107 171
107 172
107 173
107 174
107 179
107 182
107 185
107 192
107 195
107 200
107 201
107 204
107 205
107 208
107 214
107 216
107 217
107 218
107 222
107 226
107 247
108 66
108 76
108 77
108 78
108 87
108 89
108 90
108 94
108 99
108 102
108 104
108 107
108 109
108 112
108 113
108 114
108 117
108 129
108 130
108 131
108 136
108 138
108 139
108 141
108 142
108 145
108 149
108 151
108 157
108 158
108 160
108 161
108 162
108 166
108 168
108 177
108 181
108 183
108 187
108 194
108 198
108 199
108 200
108 202
108 203
108 206
108 208
108 212
108 218
108 222
108 226
108 247
109 66
109 78
109 80
109 82
109 87
109 97
109 99
109 102
109 107
109 111
109 112
109 115
109 116
109 124
109 129
109 131
109 132
109 135
109 139
109 155
109 156
109 157
109 158
109 159
109 160
109 161
109 162
109 168
109 171
109 172
109 173
109 176
109 177
109 180
109 181
109 182
109 186
109 194
109 196
109 199
109 201
109 203
109 204
109 206
109 207
109 208
109 211
109 214
109 218
109 222
109 226
109 247
110 66
110 76
110 82
110 87
110 89
110 92
110 94
110 95
110 96
110 99
110 100
110 101
110 103
110 110
110 115
110 116
110 118
110 119
110 120
110 124
110 125
110 134
110 136
110 137
110 139
110 140
110 143
110 145
110 146
110 152
110 153
110 154
110 157
110 159
110 161
110 165
110 168
110 174
110 175
110 179
110 180
110 181
110 183
110 187
110 192
110 193
110 194
110 198
110 201
110 204
110 207
110 208
110 212
110 213
110 218
110 222
110 226
110 247
111 66
111 78
111 81
111 87
111 92
111 94
111 95
111 96
111 100
111 103
111 105
111 108
111 109
111 111
111 115
111 116
111 119
111 126
111 132
111 136
111 139
111 140
111 144
111 147
111 151
111 153
111 154
111 156
111 160
111 164
111 165
111 167
111 173
111 184
111 185
111 188
111 189
111 192
111 196
111 198
111 205
111 206
111 207
111 211
111 212
111 214
111 218
111 222
111 226
111 247
112 66
112 75
112 81
112 87
112 89
112 90
112 91
112 92
112 93
112 95
112 99
112 100
112 103
112 104
112 105
112 111
112 113
112 114
112 117
112 122
112 125
112 128
112 131
112 134
112 140
112 148
112 156
112 161
112 164
112 169
112 171
112 174
112 175
112 178
112 180
112 183
112 186
112 191
112 194
112 195
112 204
112 205
112 206
112 213
112 215
112 218
112 222
112 226
112 247
113 66
113 72
113 75
113 81
113 87
113 90
113 91
113 93
113 94
113 98
113 102
113 106
113 110
113 112
113 113
113 114
113 119
113 120
113 121
113 125
113 128
113 129
113 131
113 135
113 137
113 140
113 150
113 151
113 154
113 156
113 158
113 162
113 165
113 168
113 170
113 174
113 178
113 179
113 180
113 183
113 184
113 191
113 195
113 196
113 204
113 208
113 211
113 213
113 218
113 222
113 226
113 247
114 66
114 71
114 75
114 77
114 78
114 81
114 87
114 88
114 89
114 90
114 93
114 95
114 96
114 101
114 103
114 105
114 106
114 107
114 109
114 111
114 114
114 115
114 122
114 126
114 129
114 130
114 148
114 149
114 150
114 151
114 155
114 159
114 161
114 163
114 169
114 170
114 177
114 181
114 182
114 186
114 187
114 188
114 203
114 205
114 209
114 211
114 212
114 222
114 226
114 247
115 66
115 70
115 75
115 83
115 90
115 91
115 93
115 94
115 96
115 103
115 110
115 113
115 114
115 116
115 118
115 122
115 123
115 125
115 127
115 134
115 135
115 142
115 147
115 155
115 156
115 157
115 159
115 164
115 168
115 172
115 177
115 181
115 182
115 186
115 190
115 191
115 199
115 202
115 221
115 222
115 226
115 247
116 66
116 69
116 75
116 81
116 82
116 83
116 85
116 91
116 92
116 96
116 102
116 107
116 112
116 116
116 126
116 130
116 134
116 135
116 137
116 142
116 143
116 149
116 150
116 151
116 154
116 162
116 164
116 166
116 167
116 168
116 170
116 174
116 183
116 184
116 188
116 197
116 198
116 200
116 221
116 223
116 226
116 247
117 66
117 67
117 68
117 75
117 87
117 88
117 96
117 99
117 100
117 111
117 112
117 115
117 117
117 119
117 124
117 126
117 128
117 129
117 130
117 133
117 134
117 136
117 139
117 144
117 147
117 152
117 153
117 155
117 157
117 159
117 166
117 167
117 168
117 172
117 191
117 192
117 194
117 195
117 197
117 201
117 203
117 205
117 209
117 212
117 213
117 217
117 219
117 220
117 221
117 224
117 225
117 227
117 247
118 68
118 75
118 82
118 83
118 86
118 88
118 90
118 93
118 97
118 104
118 121
118 123
118 127
118 132
118 134
118 140
118 141
118 144
118 146
118 151
118 153
118 155
118 156
118 157
118 159
118 161
118 166
118 175
118 176
118 177
118 181
118 186
118 189
118 196
118 198
118 204
118 205
118 210
118 211
118 212
118 247
119 68
119 75
119 81
119 83
119 84
119 94
119 96
119 98
119 99
119 103
119 106
119 108
119 109
119 110
119 117
119 119
119 121
119 122
119 124
119 125
119 126
119 127
119 134
119 136
119 141
119 143
119 145
119 146
119 148
119 152
119 156
119 157
119 159
119 161
119 168
119 171
119 173
119 174
119 175
119 177
119 180
119 181
119 182
119 185
119 186
119 189
119 192
119 193
119 202
119 206
119 207
119 223
119 225
119 226
119 247
120 68
120 76
120 80
120 84
120 86
120 89
120 92
120 105
120 113
120 119
120 123
120 124
120 127
120 129
120 130
120 140
120 141
120 143
120 145
120 146
120 148
120 150
120 153
120 154
120 159
120 162
120 164
120 167
120 171
120 174
120 176
120 180
120 181
120 182
120 187
120 192
120 196
120 201
120 207
120 208
120 211
120 212
120 213
120 215
120 231
120 247
121 68
121 79
121 84
121 86
121 97
121 99
121 101
121 105
121 108
121 111
121 113
121 114
121 124
121 125
121 126
121 127
121 139
121 142
121 143
121 150
121 151
121 153
121 156
121 158
121 160
121 161
121 163
121 166
121 169
121 172
121 173
121 174
121 177
121 181
121 182
121 184
121 187
121 188
121 191
121 192
121 194
121 196
121 197
121 203
121 207
121 209
121 210
121 230
121 247
122 66
122 67
122 68
122 79
122 85
122 89
122 94
122 97
122 98
122 101
122 102
122 104
122 106
122 107
122 108
122 113
122 118
122 122
122 125
122 126
122 127
122 129
122 131
122 133
122 135
122 137
122 138
122 139
122 149
122 151
122 154
122 156
122 166
122 169
122 172
122 175
122 177
122 178
122 181
122 185
122 186
122 193
122 194
122 195
122 197
122 198
122 199
122 201
122 205
122 209
122 229
122 247
123 66
123 69
123 75
123 76
123 86
123 90
123 93
123 95
123 96
123 97
123 105
123 110
123 112
123 113
123 114
123 116
123 117
123 119
123 123
123 124
123 126
123 127
123 129
123 131
123 132
123 133
123 134
123 136
123 141
123 149
123 150
123 151
123 153
123 155
123 158
123 160
123 167
123 169
123 172
123 173
123 175
123 176
123 177
123 178
123 179
123 180
123 190
123 191
123 193
123 198
123 199
123 206
123 208
123 209
123 247
124 66
124 69
124 71
124 74
124 75
124 77
124 78
124 80
124 86
124 91
124 97
124 98
124 100
124 103
124 106
124 108
124 109
124 110
124 113
124 114
124 116
124 117
124 118
124 120
124 124
124 140
124 141
124 144
124 147
124 149
124 150
124 151
124 155
124 156
124 157
124 166
124 167
124 168
124 169
124 170
124 171
124 172
124 175
124 177
124 179
124 183
124 186
124 190
124 191
124 193
124 197
124 199
124 203
124 206
124 207
124 208
124 214
124 231
124 233
124 247
125 66
125 71
125 72
125 86
125 88
125 89
125 95
125 97
125 98
125 103
125 107
125 108
125 110
125 111
125 114
125 116
125 120
125 122
125 123
125 129
125 130
125 135
125 145
125 152
125 153
125 155
125 164
125 166
125 167
125 173
125 177
125 182
125 189
125 191
125 198
125 199
125 201
125 202
125 203
125 206
125 207
125 208
125 213
125 247
126 66
126 69
126 72
126 79
126 80
126 81
126 86
126 93
126 97
126 98
126 102
126 108
126 110
126 111
126 114
126 115
126 121
126 125
126 126
126 130
126 136
126 137
126 139
126 142
126 156
126 158
126 160
126 164
126 169
126 172
126 174
126 176
126 177
126 182
126 185
126 189
126 197
126 204
126 208
126 209
126 212
126 247
127 66
127 67
127 68
127 72
127 77
127 86
127 91
127 95
127 101
127 102
127 103
127 104
127 106
127 111
127 112
127 115
127 120
127 136
127 138
127 141
127 142
127 146
127 153
127 155
127 156
127 157
127 158
127 159
127 162
127 164
127 166
127 168
127 169
127 170
127 176
127 178
127 179
127 180
127 185
127 187
127 189
127 195
127 198
127 199
127 204
127 209
127 211
127 247
128 68
128 71
128 78
128 81
128 86
128 91
128 94
128 95
128 100
128 101
128 102
128 110
128 112
128 115
128 121
128 124
128 130
128 131
128 132
128 137
128 138
128 141
128 144
128 145
128 146
128 147
128 157
128 160
128 161
128 163
128 167
128 168
128 169
128 170
128 171
128 175
128 176
128 182
128 183
128 185
128 187
128 189
128 193
128 200
128 203
128 205
128 207
128 208
128 210
128 216
128 247
129 68
129 69
129 70
129 74
129 78
129 81
129 86
129 95
129 96
129 99
129 101
129 102
129 105
129 109
129 111
129 113
129 115
129 116
129 117
129 118
129 122
129 126
129 136
129 137
129 142
129 144
129 147
129 148
129 164
129 167
129 169
129 171
129 174
129 175
129 192
129 193
129 199
129 201
129 205
129 208
129 209
129 215
129 247
130 70
130 73
130 78
130 81
130 82
130 83
130 84
130 85
130 86
130 98
130 103
130 105
130 109
130 110
130 111
130 115
130 116
130 117
130 127
130 128
130 131
130 134
130 140
130 141
130 142
130 145
130 146
130 148
130 149
130 151
130 152
130 155
130 160
130 161
130 162
130 163
130 167
130 168
130 169
130 172
130 176
130 182
130 185
130 190
130 194
130 195
130 196
130 197
130 198
130 207
130 209
130 247
131 70
131 71
131 72
131 78
131 81
131 82
131 95
131 96
131 97
131 98
131 99
131 103
131 114
131 119
131 122
131 123
131 126
131 136
131 137
131 141
131 142
131 145
131 149
131 151
131 154
131 155
131 157
131 159
131 160
131 161
131 162
131 163
131 166
131 167
131 170
131 172
131 175
131 178
131 184
131 185
131 187
131 188
131 189
131 196
131 198
131 202
131 204
131 205
131 247
132 72
132 78
132 81
132 82
132 84
132 85
132 94
132 96
132 99
132 102
132 103
132 104
132 111
132 112
132 115
132 116
132 123
132 124
132 125
132 129
132 132
132 135
132 136
132 145
132 146
132 148
132 153
132 157
132 160
132 161
132 163
132 165
132 175
132 183
132 186
132 188
132 192
132 193
132 196
132 199
132 201
132 205
132 208
132 211
132 223
132 247
133 72
133 78
133 81
133 82
133 84
133 90
133 91
133 92
133 99
133 103
133 105
133 106
133 107
133 108
133 112
133 115
133 117
133 120
133 123
133 134
133 136
133 138
133 139
133 143
133 144
133 148
133 152
133 153
133 154
133 159
133 169
133 170
133 187
133 188
133 189
133 190
133 192
133 197
133 200
133 210
133 223
133 235
133 247
134 72
134 78
134 81
134 82
134 89
134 92
134 93
134 96
134 104
134 107
134 109
134 110
134 113
134 114
134 117
134 118
134 121
134 123
134 124
134 125
134 126
134 132
134 136
134 138
134 139
134 140
134 142
134 143
134 147
134 148
134 155
134 156
134 157
134 159
134 160
134 161
134 162
134 165
134 167
134 168
134 173
134 174
134 176
134 183
134 189
134 190
134 191
134 194
134 195
134 198
134 200
134 206
134 220
134 234
134 247
135 72
135 78
135 81
135 82
135 83
135 84
135 89
135 90
135 91
135 93
135 101
135 102
135 105
135 107
135 109
135 111
135 112
135 117
135 122
135 123
135 124
135 126
135 128
135 130
135 131
135 134
135 139
135 141
135 146
135 153
135 155
135 159
135 167
135 174
135 179
135 181
135 183
135 189
135 191
135 193
135 194
135 195
135 196
135 204
135 212
135 217
135 218
135 219
135 221
135 222
135 223
135 224
135 233
135 239
135 247
136 72
136 78
136 81
136 82
136 83
136 84
136 88
136 91
136 101
136 103
136 107
136 108
136 109
136 110
136 113
136 115
136 117
136 120
136 123
136 128
136 129
136 134
136 135
136 137
136 141
136 142
136 144
136 146
136 147
136 149
136 158
136 159
136 163
136 169
136 174
136 175
136 177
136 186
136 187
136 189
136 190
136 191
136 194
136 195
136 199
136 201
136 203
136 205
136 207
136 216
136 217
136 225
136 232
136 238
136 247
137 72
137 78
137 80
137 86
137 87
137 92
137 93
137 98
137 100
137 103
137 104
137 107
137 111
137 112
137 116
137 119
137 120
137 123
137 125
137 126
137 127
137 131
137 142
137 147
137 149
137 154
137 158
137 164
137 165
137 171
137 173
137 174
137 175
137 183
137 184
137 186
137 191
137 193
137 195
137 196
137 197
137 204
137 208
137 210
137 213
137 214
137 216
137 226
137 227
137 231
137 237
137 247
138 72
138 78
138 82
138 87
138 92
138 95
138 97
138 98
138 99
138 101
138 105
138 113
138 115
138 118
138 120
138 121
138 124
138 126
138 127
138 128
138 129
138 130
138 134
138 136
138 137
138 138
138 144
138 147
138 150
138 152
138 153
138 155
138 157
138 158
138 159
138 162
138 167
138 170
138 171
138 183
138 184
138 185
138 192
138 193
138 194
138 199
138 204
138 205
138 206
138 209
138 210
138 211
138 215
138 216
138 222
138 223
138 224
138 225
138 226
138 228
138 230
138 233
138 234
138 235
138 236
138 247
139 72
139 78
139 82
139 83
139 85
139 91
139 99
139 100
139 101
139 102
139 108
139 109
139 110
139 111
139 114
139 123
139 125
139 126
139 128
139 131
139 132
139 133
139 134
139 139
139 142
139 147
139 150
139 153
139 155
139 159
139 162
139 164
139 165
139 166
139 167
139 168
139 170
139 172
139 176
139 177
139 179
139 182
139 186
139 192
139 201
139 202
139 209
139 210
139 211
139 212
139 214
139 215
139 221
139 222
139 228
139 229
139 230
139 231
139 236
139 247
140 72
140 78
140 80
140 81
140 88
140 91
140 95
140 102
140 105
140 108
140 109
140 115
140 116
140 117
140 122
140 123
140 124
140 126
140 127
140 128
140 135
140 138
140 140
140 142
140 143
140 152
140 154
140 155
140 157
140 162
140 164
140 165
140 166
140 167
140 168
140 170
140 173
140 181
140 184
140 185
140 192
140 194
140 195
140 197
140 201
140 211
140 213
140 214
140 215
140 217
140 218
140 219
140 220
140 221
140 227
140 236
140 239
140 240
140 241
140 242
140 247
141 72
141 79
141 94
141 96
141 100
141 101
141 105
141 112
141 117
141 119
141 120
141 125
141 126
141 128
141 129
141 136
141 140
141 143
141 144
141 147
141 148
141 152
141 158
141 164
141 168
141 169
141 172
141 176
141 186
141 187
141 202
141 203
141 211
141 213
141 214
141 215
141 217
141 226
141 236
141 237
141 242
141 247
142 72
142 81
142 84
142 86
142 87
142 89
142 90
142 91
142 99
142 104
142 105
142 108
142 109
142 119
142 121
142 127
142 128
142 129
142 132
142 136
142 137
142 141
142 143
142 144
142 147
142 148
142 149
142 150
142 152
142 158
142 160
142 161
142 164
142 167
142 170
142 174
142 178
142 179
142 181
142 182
142 183
142 184
142 186
142 189
142 190
142 194
142 198
142 199
142 206
142 214
142 216
142 217
142 231
142 235
142 242
142 243
142 244
142 247
143 72
143 81
143 82
143 87
143 91
143 99
143 104
143 105
143 107
143 108
143 110
143 111
143 113
143 116
143 118
143 121
143 122
143 123
143 125
143 131
143 138
143 140
143 141
143 143
143 154
143 155
143 158
143 159
143 168
143 170
143 171
143 176
143 182
143 186
143 187
143 188
143 195
143 200
143 202
143 203
143 204
143 206
143 211
143 214
143 217
143 221
143 222
143 225
143 226
143 227
143 234
143 246
143 247
144 72
144 75
144 76
144 84
144 85
144 87
144 88
144 89
144 91
144 97
144 98
144 99
144 100
144 104
144 106
144 107
144 111
144 121
144 122
144 123
144 130
144 131
144 132
144 137
144 157
144 160
144 161
144 166
144 167
144 173
144 177
144 180
144 185
144 189
144 190
144 196
144 198
144 200
144 201
144 202
144 213
144 218
144 221
144 222
144 225
144 231
144 232
144 233
144 248
145 72
145 77
145 78
145 79
145 80
145 81
145 82
145 84
145 85
145 88
145 89
145 93
145 97
145 99
145 100
145 102
145 105
145 106
145 107
145 108
145 114
145 116
145 119
145 120
145 123
145 125
145 126
145 127
145 128
145 137
145 140
145 142
145 147
145 153
145 156
145 161
145 165
145 167
145 173
145 174
145 181
145 203
145 208
145 212
145 214
145 215
145 218
145 223
145 249
146 72
146 77
146 84
146 85
146 86
146 87
146 88
146 89
146 94
146 97
146 98
146 102
146 105
146 108
146 111
146 113
146 116
146 120
146 121
146 122
146 123
146 126
146 130
146 138
146 140
146 145
146 148
146 149
146 150
146 151
146 154
146 156
146 157
146 158
146 159
146 162
146 163
146 165
146 167
146 168
146 169
146 170
146 171
146 173
146 176
146 180
146 181
146 182
146 184
146 186
146 189
146 190
146 191
146 195
146 197
146 198
146 209
146 214
146 215
146 216
146 225
146 227
146 250
147 72
147 73
147 74
147 75
147 76
147 77
147 84
147 93
147 94
147 97
147 99
147 103
147 104
147 105
147 108
147 111
147 114
147 115
147 116
147 118
147 119
147 121
147 126
147 128
147 130
147 131
147 133
147 134
147 137
147 138
147 147
147 148
147 149
147 151
147 156
147 164
147 166
147 167
147 168
147 169
147 171
147 174
147 175
147 178
147 179
147 181
147 182
147 183
147 198
147 199
147 200
147 203
147 205
147 209
147 211
147 225
147 251
148 83
148 91
148 92
148 95
148 96
148 97
148 98
148 99
148 100
148 107
148 109
148 112
148 113
148 115
148 117
148 120
148 132
148 133
148 134
148 136
148 139
148 142
148 143
148 146
148 149
148 152
148 154
148 159
148 160
148 162
148 163
148 165
148 168
148 169
148 170
148 171
148 179
148 182
148 189
148 194
148 195
148 196
148 199
148 205
148 208
148 213
148 216
148 220
148 224
148 225
148 226
148 227
148 252
149 86
149 87
149 88
149 89
149 90
149 92
149 110
149 112
149 113
149 116
149 117
149 120
149 125
149 128
149 130
149 133
149 134
149 135
149 139
149 140
149 141
149 144
149 145
149 148
149 151
149 152
149 154
149 156
149 161
149 162
149 165
149 168
149 169
149 171
149 174
149 176
149 178
149 179
149 185
149 187
149 201
149 205
149 215
149 222
149 253
150 85
150 87
150 88
150 89
150 90
150 91
150 92
150 97
150 101
150 106
150 107
150 110
150 111
150 115
150 117
150 119
150 121
150 123
150 128
150 131
150 132
150 133
150 136
150 139
150 140
150 141
150 152
150 154
150 157
150 158
150 165
150 167
150 170
150 171
150 174
150 175
150 176
150 177
150 179
150 182
150 187
150 188
150 191
150 192
150 196
150 208
150 221
150 253
151 85
151 87
151 88
151 89
151 90
151 91
151 92
151 97
151 101
151 106
151 107
151 110
151 111
151 115
151 117
151 119
151 121
151 123
151 128
151 131
151 132
151 133
151 136
151 139
151 140
151 141
151 150
151 152
151 154
151 157
151 158
151 165
151 167
151 170
151 171
151 174
151 175
151 176
151 177
151 179
151 182
151 187
151 188
151 191
151 192
151 196
151 208
151 221
151 253
152 86
152 87
152 88
152 89
152 90
152 92
152 110
152 112
152 113
152 116
152 117
152 120
152 125
152 128
152 130
152 133
152 134
152 135
152 139
152 140
152 141
152 144
152 145
152 149
152 150
152 151
152 152
152 154
152 156
152 161
152 162
152 165
152 168
152 169
152 171
152 174
152 176
152 178
152 179
152 185
152 187
152 201
152 205
152 215
152 222
152 253
153 83
153 91
153 92
153 95
153 96
153 97
153 98
153 99
153 100
153 107
153 109
153 112
153 113
153 115
153 117
153 120
153 132
153 133
153 134
153 136
153 139
153 142
153 143
153 146
153 148
153 150
153 151
153 152
153 154
153 159
153 160
153 162
153 163
153 165
153 168
153 169
153 170
153 171
153 179
153 182
153 189
153 194
153 195
153 196
153 199
153 205
153 208
153 213
153 216
153 220
153 224
153 225
153 226
153 227
153 252
154 84
154 93
154 94
154 97
154 99
154 103
154 104
154 105
154 108
154 111
154 114
154 115
154 116
154 118
154 119
154 121
154 126
154 128
154 130
154 131
154 133
154 134
154 137
154 138
154 150
154 152
154 156
154 164
154 166
154 167
154 168
154 169
154 171
154 174
154 175
154 178
154 179
154 181
154 182
154 183
154 198
154 199
154 200
154 203
154 205
154 209
154 211
154 225
154 251
155 73
155 74
155 75
155 76
155 84
155 85
155 86
155 87
155 88
155 89
155 94
155 97
155 98
155 102
155 105
155 108
155 111
155 113
155 116
155 120
155 121
155 122
155 123
155 126
155 130
155 138
155 140
155 142
155 143
155 144
155 146
155 147
155 154
155 156
155 157
155 158
155 159
155 162
155 163
155 165
155 167
155 168
155 169
155 170
155 171
155 173
155 176
155 180
155 181
155 182
155 184
155 186
155 189
155 190
155 191
155 195
155 197
155 198
155 209
155 214
155 215
155 216
155 225
155 227
155 250
156 73
156 76
156 84
156 85
156 88
156 89
156 93
156 97
156 99
156 100
156 102
156 105
156 106
156 107
156 108
156 114
156 116
156 119
156 120
156 123
156 125
156 126
156 127
156 128
156 137
156 140
156 145
156 147
156 148
156 149
156 150
156 153
156 156
156 161
156 165
156 167
156 173
156 174
156 181
156 203
156 208
156 212
156 214
156 215
156 218
156 223
156 249
157 73
157 75
157 76
157 77
157 78
157 79
157 80
157 81
157 82
157 84
157 85
157 87
157 88
157 89
157 91
157 97
157 98
157 99
157 100
157 104
157 106
157 107
157 111
157 121
157 122
157 123
157 130
157 131
157 132
157 137
157 142
157 157
157 160
157 161
157 166
157 167
157 173
157 177
157 180
157 185
157 189
157 190
157 196
157 198
157 200
157 201
157 202
157 213
157 218
157 221
157 222
157 225
157 231
157 232
157 233
157 248
158 73
158 87
158 91
158 99
158 104
158 105
158 107
158 108
158 110
158 111
158 113
158 116
158 118
158 121
158 122
158 123
158 125
158 131
158 138
158 142
158 143
158 154
158 155
158 158
158 159
158 168
158 170
158 171
158 176
158 182
158 186
158 187
158 188
158 195
158 200
158 202
158 203
158 204
158 206
158 211
158 214
158 217
158 221
158 222
158 225
158 226
158 227
158 234
158 246
158 247
159 73
159 82
159 83
159 86
159 87
159 89
159 90
159 91
159 99
159 104
159 105
159 108
159 109
159 119
159 121
159 127
159 128
159 129
159 132
159 136
159 140
159 142
159 143
159 144
159 147
159 148
159 149
159 150
159 152
159 158
159 160
159 161
159 164
159 167
159 170
159 174
159 178
159 179
159 181
159 182
159 183
159 184
159 186
159 189
159 190
159 194
159 198
159 199
159 206
159 214
159 216
159 217
159 231
159 235
159 242
159 243
159 244
159 247
160 73
160 79
160 94
160 96
160 100
160 101
160 105
160 112
160 117
160 119
160 120
160 125
160 126
160 128
160 129
160 139
160 141
160 143
160 144
160 147
160 148
160 152
160 158
160 164
160 168
160 169
160 172
160 176
160 186
160 187
160 202
160 203
160 211
160 213
160 214
160 215
160 217
160 226
160 236
160 237
160 242
160 247
161 73
161 80
161 81
161 86
161 88
161 92
161 93
161 95
161 102
161 105
161 108
161 109
161 115
161 116
161 117
161 122
161 123
161 124
161 126
161 127
161 128
161 136
161 138
161 141
161 142
161 143
161 152
161 154
161 155
161 157
161 162
161 164
161 165
161 166
161 167
161 168
161 170
161 173
161 181
161 184
161 185
161 192
161 194
161 195
161 197
161 201
161 211
161 213
161 214
161 215
161 217
161 218
161 219
161 220
161 221
161 227
161 236
161 239
161 240
161 241
161 242
161 247
162 73
162 82
162 83
162 85
162 92
162 93
162 99
162 100
162 101
162 102
162 108
162 109
162 110
162 111
162 114
162 123
162 125
162 126
162 128
162 135
162 139
162 141
162 142
162 147
162 150
162 153
162 155
162 159
162 162
162 164
162 165
162 166
162 167
162 168
162 170
162 172
162 176
162 177
162 179
162 182
162 186
162 192
162 201
162 202
162 209
162 210
162 211
162 212
162 214
162 215
162 221
162 222
162 228
162 229
162 230
162 231
162 236
162 247
163 73
163 82
163 93
163 95
163 97
163 98
163 99
163 101
163 105
163 113
163 115
163 118
163 120
163 121
163 124
163 126
163 127
163 128
163 129
163 131
163 132
163 133
163 135
163 136
163 137
163 138
163 144
163 147
163 150
163 152
163 153
163 155
163 157
163 158
163 159
163 162
163 167
163 170
163 171
163 183
163 184
163 185
163 192
163 193
163 194
163 199
163 204
163 205
163 206
163 209
163 210
163 211
163 215
163 216
163 222
163 223
163 224
163 225
163 226
163 228
163 230
163 233
163 234
163 235
163 236
163 247
164 73
164 80
164 94
164 98
164 100
164 103
164 104
164 107
164 111
164 112
164 116
164 119
164 120
164 123
164 125
164 126
164 127
164 132
164 134
164 135
164 142
164 147
164 149
164 154
164 158
164 164
164 165
164 171
164 173
164 174
164 175
164 183
164 184
164 186
164 191
164 193
164 195
164 196
164 197
164 204
164 208
164 210
164 213
164 214
164 216
164 226
164 227
164 231
164 237
164 247
165 73
165 85
165 86
165 88
165 92
165 93
165 101
165 103
165 107
165 108
165 109
165 110
165 113
165 115
165 117
165 120
165 123
165 128
165 129
165 133
165 134
165 135
165 137
165 141
165 142
165 144
165 146
165 147
165 149
165 158
165 159
165 163
165 169
165 174
165 175
165 177
165 186
165 187
165 189
165 190
165 191
165 194
165 195
165 199
165 201
165 203
165 205
165 207
165 216
165 217
165 225
165 232
165 238
165 247
166 73
166 85
166 89
166 90
166 92
166 96
166 97
166 101
166 102
166 105
166 107
166 109
166 111
166 112
166 124
166 128
166 130
166 131
166 133
166 134
166 135
166 136
166 139
166 141
166 146
166 153
166 155
166 159
166 167
166 174
166 179
166 181
166 183
166 189
166 191
166 193
166 194
166 195
166 196
166 204
166 212
166 217
166 218
166 219
166 221
166 222
166 223
166 224
166 233
166 239
166 247
167 73
167 83
167 84
167 85
167 89
167 94
167 95
167 96
167 97
167 104
167 107
167 109
167 110
167 113
167 114
167 116
167 118
167 122
167 127
167 133
167 134
167 135
167 138
167 139
167 140
167 142
167 143
167 147
167 148
167 155
167 156
167 157
167 159
167 160
167 161
167 162
167 165
167 167
167 168
167 173
167 174
167 176
167 183
167 189
167 190
167 191
167 194
167 195
167 198
167 200
167 206
167 220
167 234
167 247
168 73
168 83
168 85
168 93
168 96
168 98
168 103
168 105
168 106
168 107
168 108
168 112
168 116
168 120
168 122
168 124
168 125
168 126
168 127
168 128
168 129
168 130
168 131
168 135
168 138
168 139
168 143
168 144
168 148
168 152
168 153
168 154
168 159
168 169
168 170
168 187
168 188
168 189
168 190
168 192
168 197
168 200
168 210
168 223
168 235
168 247
169 73
169 83
169 90
169 91
169 92
169 94
169 97
169 98
169 102
169 103
169 104
169 111
169 112
169 117
169 122
169 126
169 130
169 132
169 145
169 146
169 148
169 153
169 157
169 160
169 161
169 163
169 165
169 175
169 183
169 186
169 188
169 192
169 193
169 196
169 199
169 201
169 205
169 208
169 211
169 223
169 247
170 73
170 83
170 84
170 85
170 86
170 87
170 90
170 91
170 95
170 96
170 99
170 103
170 115
170 116
170 117
170 118
170 120
170 121
170 123
170 129
170 141
170 142
170 145
170 149
170 151
170 154
170 155
170 157
170 159
170 160
170 161
170 162
170 163
170 166
170 167
170 170
170 172
170 175
170 178
170 184
170 185
170 187
170 188
170 189
170 196
170 198
170 202
170 204
170 205
170 247
171 71
171 72
171 73
171 87
171 90
171 91
171 98
171 103
171 105
171 109
171 110
171 111
171 118
171 119
171 120
171 129
171 131
171 134
171 140
171 141
171 142
171 145
171 146
171 148
171 149
171 151
171 152
171 155
171 160
171 161
171 162
171 163
171 167
171 168
171 169
171 172
171 176
171 182
171 185
171 190
171 194
171 195
171 196
171 197
171 198
171 207
171 209
171 247
172 71
172 74
172 87
172 90
172 91
172 95
172 96
172 99
172 101
172 102
172 105
172 109
172 111
172 113
172 115
172 119
172 122
172 127
172 128
172 129
172 130
172 136
172 137
172 142
172 144
172 147
172 148
172 164
172 167
172 169
172 171
172 174
172 175
172 192
172 193
172 199
172 201
172 205
172 208
172 209
172 215
172 247
173 69
173 70
173 71
173 75
173 87
173 90
173 94
173 95
173 100
173 101
173 102
173 110
173 112
173 116
173 119
173 121
173 124
173 137
173 138
173 141
173 144
173 145
173 146
173 147
173 157
173 160
173 161
173 163
173 167
173 168
173 169
173 170
173 171
173 175
173 176
173 182
173 183
173 185
173 187
173 189
173 193
173 200
173 203
173 205
173 207
173 208
173 210
173 216
173 247
174 69
174 72
174 87
174 90
174 95
174 101
174 102
174 103
174 104
174 106
174 111
174 112
174 116
174 119
174 125
174 130
174 131
174 136
174 138
174 141
174 142
174 146
174 153
174 155
174 156
174 157
174 158
174 159
174 162
174 164
174 166
174 168
174 169
174 170
174 176
174 178
174 179
174 180
174 185
174 187
174 189
174 195
174 198
174 199
174 204
174 209
174 211
174 247
175 67
175 68
175 69
175 72
175 77
175 79
175 80
175 81
175 87
175 90
175 91
175 93
175 97
175 98
175 102
175 108
175 110
175 111
175 114
175 120
175 124
175 125
175 126
175 130
175 131
175 136
175 137
175 139
175 142
175 156
175 158
175 160
175 164
175 169
175 172
175 174
175 176
175 177
175 182
175 185
175 189
175 197
175 204
175 208
175 209
175 212
175 247
176 67
176 71
176 72
176 87
176 90
176 91
176 95
176 97
176 98
176 103
176 107
176 108
176 110
176 111
176 116
176 121
176 124
176 129
176 130
176 132
176 133
176 135
176 145
176 152
176 153
176 155
176 164
176 166
176 167
176 173
176 177
176 182
176 189
176 191
176 198
176 199
176 201
176 202
176 203
176 206
176 207
176 208
176 213
176 247
177 67
177 69
177 71
177 73
177 77
177 78
177 80
177 87
177 88
177 89
177 90
177 97
177 98
177 100
177 103
177 106
177 108
177 109
177 110
177 113
177 116
177 117
177 118
177 121
177 122
177 123
177 140
177 141
177 144
177 147
177 149
177 150
177 151
177 155
177 156
177 157
177 166
177 167
177 168
177 169
177 170
177 171
177 172
177 175
177 177
177 179
177 183
177 186
177 190
177 191
177 193
177 197
177 199
177 203
177 206
177 207
177 208
177 214
177 231
177 233
177 247
178 67
178 68
178 69
178 76
178 87
178 93
178 95
178 96
178 97
178 105
178 110
178 112
178 113
178 116
178 117
178 119
178 121
178 122
178 126
178 127
178 129
178 131
178 132
178 133
178 134
178 136
178 141
178 149
178 150
178 151
178 153
178 155
178 158
178 160
178 167
178 169
178 172
178 173
178 175
178 176
178 177
178 178
178 179
178 180
178 190
178 191
178 193
178 198
178 199
178 206
178 208
178 209
178 247
179 69
179 79
179 85
179 87
179 89
179 94
179 97
179 98
179 101
179 102
179 104
179 106
179 107
179 108
179 114
179 118
179 122
179 123
179 125
179 126
179 127
179 129
179 131
179 133
179 135
179 137
179 138
179 139
179 149
179 151
179 154
179 156
179 166
179 169
179 172
179 175
179 177
179 178
179 181
179 185
179 186
179 193
179 194
179 195
179 197
179 198
179 199
179 201
179 205
179 209
179 229
179 247
180 69
180 79
180 84
180 86
180 97
180 99
180 101
180 105
180 108
180 111
180 124
180 125
180 126
180 127
180 139
180 142
180 143
180 150
180 151
180 153
180 156
180 158
180 160
180 161
180 163
180 166
180 169
180 172
180 173
180 174
180 177
180 181
180 182
180 184
180 187
180 188
180 191
180 192
180 194
180 196
180 197
180 203
180 207
180 209
180 210
180 230
180 247
181 69
181 76
181 80
181 84
181 86
181 89
181 92
181 105
181 114
181 119
181 123
181 124
181 127
181 129
181 130
181 140
181 141
181 143
181 145
181 146
181 148
181 150
181 153
181 154
181 159
181 162
181 164
181 167
181 171
181 174
181 176
181 180
181 181
181 182
181 187
181 192
181 196
181 201
181 207
181 208
181 211
181 212
181 213
181 215
181 231
181 247
182 69
182 75
182 81
182 83
182 84
182 94
182 96
182 98
182 99
182 103
182 106
182 108
182 109
182 110
182 117
182 119
182 121
182 122
182 124
182 125
182 126
182 127
182 134
182 136
182 141
182 143
182 145
182 146
182 148
182 152
182 156
182 157
182 159
182 161
182 168
182 171
182 173
182 174
182 175
182 177
182 180
182 181
182 182
182 185
182 186
182 189
182 192
182 193
182 202
182 206
182 207
182 223
182 225
182 226
182 247
183 69
183 75
183 82
183 83
183 86
183 88
183 90
183 93
183 97
183 104
183 115
183 121
183 123
183 127
183 132
183 134
183 140
183 141
183 144
183 146
183 151
183 153
183 155
183 156
183 157
183 159
183 161
183 166
183 175
183 176
183 177
183 181
183 186
183 189
183 196
183 198
183 204
183 205
183 210
183 211
183 212
183 247
184 69
184 75
184 87
184 88
184 96
184 99
184 100
184 111
184 112
184 114
184 117
184 119
184 124
184 126
184 128
184 129
184 130
184 133
184 134
184 136
184 139
184 144
184 147
184 152
184 153
184 155
184 157
184 159
184 166
184 167
184 168
184 172
184 191
184 192
184 194
184 195
184 197
184 201
184 203
184 205
184 209
184 212
184 213
184 217
184 219
184 220
184 221
184 224
184 225
184 227
184 247
185 67
185 68
185 69
185 75
185 81
185 82
185 83
185 85
185 91
185 92
185 96
185 102
185 107
185 112
185 114
185 115
185 126
185 130
185 134
185 135
185 137
185 142
185 143
185 149
185 150
185 151
185 154
185 162
185 164
185 166
185 167
185 168
185 170
185 174
185 183
185 184
185 188
185 197
185 198
185 200
185 221
185 223
185 226
185 247
186 67
186 70
186 75
186 83
186 90
186 91
186 93
186 94
186 96
186 103
186 110
186 115
186 118
186 122
186 123
186 125
186 127
186 130
186 134
186 135
186 142
186 147
186 155
186 156
186 157
186 159
186 164
186 168
186 172
186 177
186 181
186 182
186 186
186 190
186 191
186 199
186 202
186 221
186 222
186 226
186 247
187 67
187 71
187 75
187 77
187 78
187 81
187 87
187 88
187 89
187 90
187 93
187 95
187 96
187 101
187 103
187 105
187 106
187 107
187 109
187 111
187 122
187 126
187 148
187 149
187 150
187 151
187 155
187 159
187 161
187 163
187 169
187 170
187 177
187 181
187 182
187 186
187 187
187 188
187 203
187 205
187 209
187 211
187 212
187 222
187 226
187 247
188 67
188 72
188 75
188 81
188 87
188 90
188 91
188 93
188 94
188 98
188 102
188 106
188 110
188 119
188 120
188 121
188 125
188 129
188 132
188 135
188 137
188 140
188 150
188 151
188 154
188 156
188 158
188 162
188 165
188 168
188 170
188 174
188 178
188 179
188 180
188 183
188 184
188 191
188 195
188 196
188 204
188 208
188 211
188 213
188 218
188 222
188 226
188 247
189 67
189 73
189 75
189 81
189 87
189 89
189 90
189 91
189 92
189 93
189 95
189 99
189 100
189 103
189 104
189 105
189 112
189 118
189 122
189 125
189 126
189 127
189 132
189 133
189 134
189 140
189 148
189 156
189 161
189 164
189 169
189 171
189 174
189 175
189 178
189 180
189 183
189 186
189 191
189 194
189 195
189 204
189 205
189 206
189 213
189 215
189 218
189 222
189 226
189 247
190 67
190 78
190 81
190 87
190 92
190 94
190 95
190 96
190 100
190 103
190 105
190 108
190 109
190 112
190 117
190 119
190 124
190 125
190 127
190 133
190 136
190 139
190 140
190 144
190 147
190 151
190 153
190 154
190 156
190 160
190 164
190 165
190 167
190 173
190 184
190 185
190 188
190 189
190 192
190 196
190 198
190 205
190 206
190 207
190 211
190 212
190 214
190 218
190 222
190 226
190 247
191 67
191 76
191 82
191 87
191 89
191 92
191 94
191 95
191 96
191 99
191 100
191 101
191 103
191 111
191 112
191 117
191 118
191 119
191 120
191 123
191 132
191 133
191 134
191 136
191 137
191 139
191 140
191 143
191 145
191 146
191 152
191 153
191 154
191 157
191 159
191 161
191 165
191 168
191 174
191 175
191 179
191 180
191 181
191 183
191 187
191 192
191 193
191 194
191 198
191 201
191 204
191 207
191 208
191 212
191 213
191 218
191 222
191 226
191 247
192 67
192 78
192 80
192 82
192 87
192 97
192 99
192 102
192 108
192 113
192 114
192 117
192 118
192 119
192 120
192 123
192 125
192 128
192 133
192 135
192 139
192 155
192 156
192 157
192 158
192 159
192 160
192 161
192 162
192 168
192 171
192 172
192 173
192 176
192 177
192 180
192 181
192 182
192 186
192 194
192 196
192 199
192 201
192 203
192 204
192 206
192 207
192 208
192 211
192 214
192 218
192 222
192 226
192 247
193 67
193 76
193 77
193 78
193 87
193 89
193 90
193 94
193 99
193 102
193 105
193 106
193 109
193 115
193 116
193 118
193 121
193 122
193 125
193 126
193 127
193 128
193 136
193 138
193 139
193 141
193 142
193 145
193 149
193 151
193 157
193 158
193 160
193 161
193 162
193 166
193 168
193 177
193 181
193 183
193 187
193 194
193 198
193 199
193 200
193 202
193 203
193 206
193 208
193 212
193 218
193 222
193 226
193 247
194 67
194 75
194 77
194 82
194 87
194 89
194 97
194 98
194 99
194 104
194 108
194 109
194 112
194 122
194 128
194 129
194 131
194 133
194 139
194 141
194 142
194 143
194 144
194 146
194 148
194 149
194 150
194 153
194 156
194 157
194 160
194 164
194 167
194 168
194 170
194 171
194 172
194 173
194 174
194 179
194 182
194 185
194 192
194 195
194 200
194 201
194 204
194 205
194 208
194 214
194 216
194 217
194 218
194 222
194 226
194 247
195 67
195 74
195 79
195 80
195 87
195 95
195 97
195 98
195 108
195 109
195 111
195 113
195 114
195 115
195 119
195 125
195 127
195 128
195 131
195 132
195 135
195 148
195 149
195 151
195 152
195 159
195 163
195 165
195 166
195 171
195 172
195 177
195 178
195 182
195 186
195 193
195 194
195 196
195 201
195 203
195 205
195 206
195 209
195 210
195 214
195 216
195 222
195 226
195 247
196 67
196 78
196 87
196 90
196 92
196 99
196 100
196 108
196 111
196 112
196 114
196 115
196 116
196 117
196 120
196 121
196 128
196 132
196 135
196 136
196 137
196 138
196 140
196 143
196 145
196 152
196 156
196 167
196 168
196 172
196 176
196 180
196 183
196 186
196 189
196 191
196 192
196 193
196 194
196 197
196 198
196 202
196 204
196 205
196 208
196 214
196 216
196 222
196 226
196 247
197 67
197 85
197 86
197 87
197 90
197 93
197 94
197 102
197 104
197 111
197 113
197 117
197 119
197 120
197 121
197 125
197 129
197 130
197 132
197 133
197 134
197 135
197 136
197 138
197 139
197 140
197 142
197 143
197 150
197 152
197 163
197 164
197 165
197 166
197 167
197 168
197 174
197 175
197 177
197 181
197 183
197 186
197 187
197 195
197 202
197 205
197 214
197 216
197 222
197 226
197 247
198 67
198 77
198 85
198 89
198 92
198 102
198 104
198 108
198 109
198 111
198 113
198 114
198 115
198 118
198 120
198 124
198 128
198 132
198 137
198 143
198 145
198 146
198 151
198 152
198 153
198 155
198 159
198 163
198 164
198 165
198 170
198 171
198 176
198 177
198 178
198 180
198 181
198 183
198 184
198 186
198 187
198 188
198 190
198 194
198 196
198 204
198 214
198 216
198 222
198 226
198 247
199 67
199 77
199 85
199 87
199 89
199 90
199 93
199 95
199 96
199 97
199 99
199 104
199 106
199 108
199 113
199 114
199 115
199 118
199 121
199 125
199 126
199 128
199 129
199 130
199 131
199 135
199 142
199 143
199 146
199 151
199 152
199 153
199 155
199 159
199 160
199 164
199 165
199 168
199 169
199 174
199 185
199 186
199 187
199 188
199 189
199 192
199 197
199 198
199 200
199 210
199 211
199 212
199 213
199 214
199 216
199 222
199 226
199 247
200 67
200 77
200 85
200 89
200 96
200 97
200 101
200 102
200 110
200 117
200 118
200 119
200 125
200 126
200 128
200 129
200 131
200 132
200 133
200 136
200 137
200 140
200 141
200 143
200 144
200 145
200 146
200 151
200 157
200 160
200 167
200 168
200 170
200 172
200 174
200 175
200 176
200 178
200 180
200 185
200 186
200 188
200 189
200 193
200 196
200 198
200 205
200 216
200 222
200 226
200 247
201 67
201 77
201 85
201 89
201 90
201 92
201 97
201 100
201 101
201 102
201 103
201 105
201 109
201 116
201 120
201 122
201 124
201 127
201 130
201 131
201 132
201 134
201 135
201 137
201 139
201 140
201 142
201 144
201 146
201 147
201 155
201 156
201 158
201 160
201 163
201 165
201 174
201 175
201 179
201 183
201 188
201 189
201 190
201 197
201 211
201 214
201 215
201 216
201 222
201 226
201 247
202 67
202 77
202 85
202 90
202 91
202 92
202 95
202 97
202 100
202 102
202 103
202 104
202 108
202 112
202 116
202 118
202 119
202 121
202 125
202 126
202 129
202 133
202 134
202 138
202 142
202 143
202 145
202 146
202 147
202 150
202 152
202 156
202 159
202 165
202 166
202 171
202 172
202 175
202 176
202 179
202 182
202 185
202 189
202 212
202 215
202 217
202 222
202 226
202 247
203 67
203 77
203 85
203 87
203 89
203 90
203 91
203 93
203 99
203 100
203 102
203 104
203 105
203 107
203 114
203 116
203 117
203 118
203 119
203 120
203 122
203 125
203 126
203 131
203 132
203 134
203 135
203 136
203 138
203 139
203 141
203 142
203 143
203 144
203 147
203 148
203 149
203 150
203 152
203 157
203 159
203 160
203 162
203 170
203 172
203 174
203 180
203 186
203 187
203 188
203 194
203 199
203 200
203 204
203 209
203 214
203 218
203 222
203 223
203 224
203 225
203 227
203 247
204 67
204 77
204 85
204 97
204 100
204 106
204 107
204 109
204 117
204 118
204 119
204 120
204 123
204 124
204 125
204 127
204 133
204 134
204 138
204 142
204 143
204 148
204 158
204 160
204 164
204 165
204 167
204 175
204 176
204 177
204 178
204 186
204 187
204 191
204 195
204 197
204 199
204 200
204 204
204 205
204 206
204 207
204 211
204 213
204 214
204 216
204 222
204 223
204 247
205 67
205 77
205 85
205 86
205 87
205 88
205 92
205 94
205 95
205 97
205 99
205 101
205 103
205 118
205 119
205 122
205 137
205 140
205 142
205 148
205 150
205 152
205 153
205 155
205 158
205 165
205 170
205 171
205 178
205 179
205 181
205 183
205 185
205 187
205 189
205 190
205 191
205 193
205 195
205 201
205 202
205 203
205 204
205 210
205 215
205 216
205 218
205 219
205 220
205 221
205 222
205 223
205 247
206 67
206 77
206 84
206 90
206 92
206 94
206 96
206 98
206 100
206 108
206 114
206 115
206 117
206 118
206 122
206 125
206 128
206 138
206 142
206 143
206 144
206 145
206 148
206 150
206 151
206 154
206 155
206 156
206 159
206 161
206 167
206 173
206 177
206 178
206 179
206 185
206 188
206 189
206 191
206 192
206 196
206 197
206 200
206 202
206 204
206 210
206 211
206 212
206 213
206 218
206 222
206 234
206 247
207 67
207 77
207 83
207 88
207 92
207 94
207 95
207 96
207 97
207 98
207 100
207 101
207 110
207 112
207 114
207 116
207 120
207 122
207 128
207 132
207 139
207 142
207 146
207 149
207 150
207 152
207 154
207 155
207 168
207 169
207 170
207 171
207 172
207 173
207 175
207 178
207 179
207 180
207 185
207 186
207 189
207 192
207 197
207 198
207 202
207 204
207 210
207 211
207 217
207 218
207 222
207 226
207 233
207 247
208 67
208 77
208 82
208 88
208 92
208 93
208 97
208 99
208 103
208 104
208 110
208 112
208 115
208 120
208 122
208 125
208 130
208 132
208 135
208 137
208 140
208 141
208 144
208 146
208 148
208 152
208 154
208 156
208 161
208 163
208 164
208 168
208 170
208 171
208 173
208 175
208 178
208 179
208 182
208 185
208 186
208 187
208 195
208 196
208 197
208 200
208 201
208 202
208 204
208 206
208 208
208 209
208 210
208 211
208 212
208 213
208 224
208 226
208 232
208 247
209 67
209 76
209 81
209 88
209 91
209 93
209 94
209 99
209 100
209 103
209 109
209 110
209 112
209 114
209 123
209 129
209 131
209 133
209 136
209 137
209 139
209 150
209 151
209 154
209 156
209 159
209 162
209 164
209 165
209 167
209 169
209 170
209 178
209 181
209 182
209 184
209 187
209 190
209 197
209 206
209 208
209 216
209 224
209 225
209 226
209 227
209 228
209 229
209 230
209 231
209 247
210 67
210 78
210 88
210 90
210 93
210 97
210 101
210 111
210 115
210 117
210 118
210 123
210 124
210 125
210 127
210 130
210 132
210 134
210 135
210 136
210 137
210 138
210 141
210 142
210 143
210 144
210 145
210 147
210 149
210 150
210 152
210 155
210 158
210 167
210 168
210 169
210 170
210 171
210 174
210 175
210 176
210 177
210 178
210 179
210 180
210 182
210 184
210 186
210 188
210 195
210 198
210 200
210 203
210 204
210 205
210 208
210 212
210 215
210 216
210 220
210 226
210 231
210 247
211 67
211 78
211 88
211 93
211 104
211 106
211 109
211 110
211 112
211 114
211 118
211 121
211 124
211 132
211 134
211 136
211 137
211 140
211 141
211 145
211 148
211 150
211 155
211 166
211 167
211 168
211 169
211 171
211 172
211 173
211 175
211 177
211 178
211 180
211 181
211 187
211 188
211 189
211 190
211 193
211 196
211 197
211 198
211 206
211 208
211 212
211 226
211 229
211 232
211 247
212 67
212 78
212 88
212 89
212 90
212 91
212 100
212 104
212 107
212 109
212 114
212 119
212 120
212 125
212 126
212 127
212 130
212 133
212 137
212 139
212 140
212 146
212 147
212 149
212 155
212 156
212 168
212 169
212 170
212 171
212 182
212 183
212 186
212 187
212 192
212 193
212 196
212 197
212 200
212 201
212 202
212 203
212 204
212 205
212 206
212 208
212 212
212 223
212 226
212 227
212 228
212 229
212 230
212 233
212 247
213 67
213 78
213 87
213 91
213 92
213 93
213 98
213 100
213 101
213 103
213 105
213 112
213 113
213 115
213 119
213 124
213 126
213 128
213 133
213 135
213 144
213 146
213 147
213 149
213 154
213 156
213 157
213 158
213 167
213 169
213 173
213 175
213 178
213 184
213 188
213 191
213 192
213 194
213 195
213 196
213 200
213 208
213 212
213 224
213 225
213 229
213 231
213 234
213 247
214 67
214 78
214 86
214 90
214 95
214 98
214 100
214 103
214 105
214 106
214 107
214 108
214 110
214 117
214 118
214 124
214 125
214 130
214 131
214 137
214 147
214 148
214 154
214 156
214 157
214 158
214 160
214 163
214 167
214 170
214 172
214 175
214 177
214 180
214 184
214 186
214 187
214 188
214 189
214 190
214 193
214 197
214 198
214 202
214 203
214 204
214 205
214 206
214 207
214 208
214 212
214 224
214 225
214 229
214 247
215 67
215 78
215 85
215 89
215 100
215 101
215 103
215 105
215 113
215 114
215 116
215 118
215 119
215 121
215 123
215 127
215 128
215 130
215 132
215 144
215 152
215 156
215 157
215 159
215 162
215 163
215 164
215 166
215 167
215 168
215 171
215 173
215 178
215 183
215 184
215 194
215 195
215 196
215 197
215 212
215 223
215 226
215 232
215 247
216 67
216 78
216 88
216 103
216 105
216 117
216 124
216 138
216 148
216 149
216 151
216 154
216 156
216 157
216 162
216 164
216 166
216 175
216 176
216 180
216 182
216 183
216 184
216 185
216 187
216 193
216 194
216 212
216 230
216 232
216 247
217 67
217 78
217 86
217 96
217 101
217 104
217 107
217 110
217 112
217 116
217 117
217 119
217 121
217 123
217 124
217 126
217 129
217 130
217 131
217 132
217 134
217 135
217 140
217 141
217 142
217 143
217 147
217 149
217 157
217 159
217 162
217 165
217 166
217 174
217 176
217 177
217 179
217 182
217 184
217 185
217 190
217 192
217 212
217 230
217 232
217 247
218 67
218 78
218 85
218 96
218 98
218 99
218 102
218 105
218 106
218 107
218 109
218 116
218 122
218 127
218 129
218 131
218 133
218 134
218 135
218 140
218 141
218 142
218 143
218 144
218 146
218 155
218 157
218 160
218 161
218 162
218 166
218 167
218 168
218 176
218 178
218 184
218 185
218 186
218 189
218 190
218 210
218 211
218 212
218 216
218 228
218 229
218 230
218 232
218 247
219 67
219 78
219 84
219 92
219 96
219 97
219 98
219 99
219 106
219 107
219 111
219 112
219 113
219 119
219 127
219 128
219 130
219 131
219 133
219 134
219 137
219 143
219 145
219 146
219 147
219 148
219 150
219 152
219 154
219 155
219 162
219 166
219 167
219 170
219 172
219 173
219 174
219 176
219 178
219 179
219 180
219 183
219 185
219 186
219 188
219 189
219 190
219 191
219 193
219 213
219 217
219 228
219 232
219 247
220 67
220 78
220 83
220 91
220 96
220 102
220 103
220 104
220 105
220 109
220 110
220 118
220 119
220 124
220 126
220 128
220 130
220 132
220 133
220 138
220 141
220 143
220 151
220 154
220 157
220 159
220 160
220 162
220 167
220 168
220 172
220 174
220 177
220 178
220 179
220 180
220 181
220 183
220 185
220 186
220 188
220 192
220 193
220 208
220 218
220 228
220 232
220 247
221 67
221 75
221 76
221 77
221 80
221 82
221 90
221 96
221 97
221 102
221 108
221 113
221 115
221 116
221 119
221 123
221 124
221 126
221 129
221 131
221 132
221 138
221 141
221 143
221 152
221 156
221 157
221 162
221 165
221 167
221 168
221 176
221 177
221 178
221 183
221 185
221 186
221 187
221 188
221 189
221 191
221 192
221 207
221 209
221 219
221 228
221 232
221 247
222 67
222 75
222 77
222 78
222 82
222 89
222 102
222 105
222 106
222 107
222 109
222 113
222 124
222 130
222 135
222 139
222 151
222 153
222 161
222 163
222 165
222 167
222 171
222 173
222 178
222 179
222 181
222 182
222 183
222 185
222 189
222 194
222 206
222 208
222 212
222 220
222 228
222 232
222 247
223 67
223 73
223 74
223 75
223 77
223 82
223 88
223 102
223 108
223 110
223 113
223 116
223 119
223 121
223 122
223 123
223 125
223 127
223 128
223 135
223 140
223 141
223 142
223 143
223 145
223 148
223 149
223 150
223 151
223 154
223 163
223 166
223 171
223 173
223 181
223 185
223 189
223 190
223 191
223 192
223 193
223 194
223 203
223 204
223 205
223 207
223 213
223 221
223 228
223 232
223 247
224 67
224 73
224 79
224 80
224 82
224 87
224 102
224 108
224 110
224 112
224 117
224 119
224 121
224 122
224 126
224 130
224 131
224 145
224 158
224 160
224 165
224 166
224 169
224 174
224 176
224 180
224 181
224 183
224 184
224 185
224 189
224 195
224 200
224 201
224 202
224 206
224 214
224 222
224 228
224 232
224 247
225 67
225 75
225 76
225 77
225 78
225 82
225 86
225 101
225 107
225 110
225 120
225 122
225 123
225 124
225 125
225 126
225 127
225 129
225 131
225 133
225 135
225 145
225 160
225 165
225 166
225 175
225 177
225 178
225 183
225 186
225 190
225 196
225 199
225 203
225 215
225 223
225 226
225 227
225 228
225 232
225 247
226 67
226 74
226 78
226 81
226 85
226 106
226 111
226 121
226 128
226 129
226 131
226 138
226 145
226 158
226 159
226 165
226 176
226 177
226 180
226 181
226 182
226 183
226 187
226 191
226 197
226 216
226 224
226 225
226 226
226 229
226 232
226 247
227 63
227 64
227 65
227 66
227 67
227 73
227 78
227 84
227 98
227 111
227 112
227 114
227 117
227 120
227 121
227 123
227 124
227 125
227 126
227 128
227 130
227 132
227 135
227 137
227 138
227 147
227 157
227 160
227 166
227 167
227 168
227 169
227 170
227 171
227 172
227 173
227 174
227 175
227 176
227 179
227 180
227 184
227 188
227 192
227 198
227 212
227 217
227 224
227 230
227 232
227 247
228 63
228 68
228 78
228 83
228 84
228 85
228 97
228 109
228 117
228 118
228 120
228 121
228 126
228 128
228 131
228 133
228 137
228 139
228 146
228 148
228 157
228 158
228 159
228 162
228 166
228 167
228 177
228 181
228 185
228 189
228 193
228 199
228 202
228 211
228 212
228 214
228 218
228 224
228 230
228 247
229 63
229 69
229 72
229 78
229 82
229 84
229 86
229 87
229 88
229 96
229 104
229 108
229 112
229 120
229 121
229 123
229 124
229 126
229 128
229 134
229 135
229 136
229 137
229 140
229 147
229 149
229 150
229 151
229 152
229 153
229 154
229 162
229 163
229 164
229 166
229 167
229 178
229 182
229 186
229 190
229 200
229 203
229 208
229 209
229 210
229 211
229 215
229 219
229 224
229 230
229 247
230 63
230 70
230 71
230 78
230 81
230 86
230 95
230 103
230 107
230 111
230 120
230 121
230 123
230 125
230 126
230 128
230 131
230 132
230 148
230 149
230 160
230 166
230 179
230 183
230 187
230 191
230 204
230 205
230 206
230 207
230 208
230 216
230 220
230 221
230 222
230 223
230 224
230 230
230 247
231 61
231 62
231 63
231 70
231 71
231 78
231 79
231 80
231 84
231 86
231 87
231 88
231 89
231 90
231 91
231 92
231 93
231 94
231 98
231 99
231 100
231 101
231 102
231 106
231 110
231 116
231 120
231 121
231 123
231 128
231 129
231 131
231 141
231 148
231 151
231 152
231 153
231 154
231 159
231 160
231 163
231 166
231 180
231 184
231 195
231 204
231 217
231 220
231 230
231 247
232 61
232 64
232 68
232 69
232 70
232 72
232 74
232 75
232 76
232 77
232 78
232 79
232 80
232 82
232 83
232 87
232 94
232 99
232 100
232 101
232 102
232 105
232 109
232 115
232 120
232 121
232 123
232 124
232 125
232 126
232 127
232 129
232 130
232 131
232 142
232 148
232 154
232 159
232 164
232 166
232 181
232 186
232 196
232 204
232 208
232 218
232 219
232 220
232 230
232 247
233 61
233 65
233 74
233 81
233 82
233 83
233 94
233 95
233 103
233 104
233 108
233 114
233 120
233 121
233 128
233 131
233 135
233 143
233 144
233 145
233 146
233 147
233 148
233 152
233 159
233 165
233 166
233 182
233 187
233 189
233 197
233 202
233 203
233 204
233 209
233 218
233 230
233 247
234 61
234 66
234 67
234 68
234 69
234 75
234 84
234 86
234 87
234 98
234 100
234 101
234 103
234 104
234 107
234 113
234 120
234 121
234 122
234 123
234 124
234 125
234 126
234 127
234 128
234 129
234 130
234 132
234 136
234 143
234 149
234 153
234 159
234 165
234 167
234 188
234 190
234 198
234 202
234 205
234 210
234 211
234 217
234 218
234 230
234 247
235 61
235 66
235 67
235 68
235 69
235 75
235 76
235 78
235 79
235 85
235 86
235 87
235 88
235 89
235 90
235 91
235 92
235 93
235 94
235 95
235 98
235 102
235 105
235 106
235 111
235 112
235 120
235 121
235 122
235 123
235 124
235 125
235 126
235 127
235 128
235 129
235 137
235 140
235 141
235 142
235 143
235 149
235 152
235 159
235 160
235 161
235 162
235 163
235 164
235 165
235 168
235 189
235 191
235 199
235 202
235 206
235 208
235 209
235 210
235 213
235 214
235 215
235 216
235 217
235 230
235 247
236 61
236 65
236 70
236 74
236 79
236 96
236 99
236 100
236 105
236 106
236 107
236 108
236 109
236 112
236 119
236 138
236 140
236 148
236 152
236 190
236 192
236 200
236 202
236 206
236 211
236 230
236 247
237 61
237 64
237 71
237 79
237 97
237 100
237 102
237 103
237 104
237 106
237 112
237 132
237 139
237 140
237 150
237 153
237 191
237 193
237 201
237 202
237 212
237 247
238 61
238 63
238 72
238 78
238 79
238 97
238 99
238 100
238 101
238 102
238 103
238 104
238 105
238 106
238 112
238 139
238 141
238 152
238 154
238 170
238 192
238 194
238 201
238 203
238 207
238 213
238 231
238 234
238 247
239 61
239 62
239 70
239 72
239 77
239 96
239 103
239 112
239 139
239 142
239 146
239 152
239 154
239 171
239 193
239 201
239 204
239 205
239 214
239 230
239 232
239 234
239 247
240 60
240 62
240 77
240 78
240 79
240 80
240 81
240 82
240 83
240 84
240 85
240 86
240 87
240 88
240 89
240 90
240 91
240 92
240 93
240 94
240 95
240 102
240 103
240 104
240 105
240 106
240 112
240 139
240 145
240 151
240 154
240 156
240 172
240 194
240 197
240 198
240 199
240 202
240 205
240 208
240 215
240 226
240 230
240 232
240 233
240 234
240 247
241 59
241 62
241 70
241 73
241 95
241 99
241 100
241 101
241 104
241 106
241 112
241 138
241 139
241 145
241 150
241 155
241 157
241 173
241 191
241 193
241 194
241 195
241 196
241 197
241 199
241 201
241 204
241 205
241 216
241 232
241 247
242 58
242 62
242 69
242 73
242 95
242 98
242 106
242 112
242 138
242 149
242 156
242 158
242 174
242 175
242 190
242 192
242 200
242 207
242 229
242 231
242 232
242 234
242 247
243 57
243 62
243 68
243 72
243 95
243 106
243 112
243 113
243 114
243 115
243 116
243 117
243 118
243 119
243 120
243 121
243 122
243 123
243 124
243 125
243 126
243 127
243 128
243 129
243 130
243 131
243 132
243 133
243 134
243 135
243 136
243 137
243 138
243 145
243 146
243 147
243 148
243 157
243 159
243 160
243 161
243 162
243 163
243 164
243 165
243 166
243 167
243 168
243 169
243 170
243 171
243 172
243 173
243 174
243 177
243 178
243 179
243 180
243 181
243 182
243 183
243 184
243 185
243 186
243 187
243 188
243 189
243 192
243 193
243 194
243 204
243 208
243 229
243 230
243 231
243 235
243 247
244 56
244 62
244 67
244 71
244 95
244 106
244 139
244 145
244 148
244 149
244 150
244 158
244 159
244 176
244 177
244 192
244 195
244 201
244 205
244 210
244 218
244 228
244 236
244 247
245 55
245 62
245 66
245 70
245 95
245 96
245 97
245 106
245 140
245 145
245 147
245 150
245 151
245 152
245 153
245 154
245 155
245 156
245 157
245 158
245 161
245 162
245 163
245 164
245 165
245 166
245 167
245 168
245 169
245 170
245 171
245 172
245 173
245 174
245 175
245 176
245 179
245 180
245 181
245 182
245 183
245 184
245 185
245 186
245 187
245 188
245 189
245 190
245 191
245 192
245 196
245 202
245 207
245 211
245 219
245 227
245 237
245 247
246 54
246 62
246 65
246 69
246 94
246 97
246 106
246 141
246 145
246 146
246 159
246 177
246 193
246 197
246 204
246 208
246 212
246 220
246 238
246 247
247 53
247 62
247 63
247 64
247 68
247 93
247 97
247 106
247 142
247 144
247 146
247 160
247 178
247 194
247 198
247 205
247 209
247 213
247 221
247 239
247 247
248 52
248 64
248 67
248 92
248 97
248 106
248 145
248 161
248 179
248 195
248 206
248 210
248 214
248 222
248 240
248 247
249 51
249 64
249 65
249 66
249 91
249 97
249 106
249 107
249 108
249 109
249 110
249 111
249 112
249 113
249 114
249 115
249 116
249 117
249 118
249 119
249 120
249 121
249 122
249 123
249 124
249 125
249 126
249 127
249 128
249 129
249 130
249 131
249 132
249 133
249 134
249 135
249 136
249 137
249 138
249 139
249 140
249 141
249 142
249 162
249 180
249 196
249 207
249 211
249 215
249 223
249 241
249 247
250 50
250 66
250 90
250 97
250 142
250 143
250 145
250 163
250 181
250 208
250 212
250 216
250 224
250 242
250 247
251 49
251 66
251 89
251 97
251 141
251 146
251 164
251 182
251 209
251 213
251 217
251 225
251 247
252 48
252 66
252 88
252 97
252 140
252 147
252 165
252 210
252 214
252 218
252 226
252 245
252 246
252 247
253 47
253 66
253 87
253 97
253 148
253 166
253 211
253 215
253 219
253 227
253 245
254 46
254 66
254 86
254 97
254 212
254 216
254 220
254 228
254 241
254 247
254 248
254 249
254 250
254 251
254 252
254 253
254 254
254 255
254 256
254 257
254 258
254 259
254 260
254 261
254 262
255 45
255 66
255 85
255 97
255 138
255 213
255 217
255 221
255 229
255 241
255 246
255 247
255 262
256 44
256 66
256 84
256 97
256 137
256 150
256 214
256 218
256 222
256 230
256 241
256 245
256 246
256 248
256 262
257 43
257 66
257 83
257 97
257 136
257 151
257 215
257 219
257 223
257 224
257 225
257 226
257 231
257 232
257 240
257 241
257 245
257 247
257 249
257 262
258 42
258 66
258 82
258 97
258 98
258 99
258 100
258 101
258 102
258 103
258 104
258 105
258 106
258 107
258 108
258 109
258 110
258 111
258 112
258 113
258 114
258 115
258 116
258 117
258 118
258 119
258 120
258 121
258 122
258 123
258 124
258 125
258 126
258 127
258 128
258 129
258 130
258 131
258 132
258 133
258 134
258 135
258 152
258 216
258 220
258 221
258 222
258 223
258 228
258 229
258 230
258 231
258 234
258 235
258 236
258 237
258 238
258 239
258 240
258 245
258 248
258 262
259 41
259 66
259 81
259 135
259 153
259 154
259 217
259 218
259 219
259 220
259 224
259 245
259 250
259 262
260 40
260 66
260 80
260 135
260 136
260 137
260 138
260 139
260 140
260 141
260 142
260 143
260 144
260 145
260 146
260 147
260 148
260 149
260 150
260 151
260 152
260 153
260 156
260 157
260 158
260 159
260 160
260 161
260 162
260 163
260 164
260 165
260 166
260 167
260 168
260 169
260 170
260 171
260 172
260 173
260 174
260 175
260 176
260 177
260 178
260 179
260 180
260 181
260 182
260 183
260 184
260 185
260 186
260 187
260 188
260 189
260 190
260 191
260 192
260 193
260 194
260 195
260 196
260 197
260 198
260 199
260 200
260 201
260 202
260 203
260 204
260 205
260 206
260 207
260 208
260 209
260 210
260 211
260 212
260 213
260 214
260 215
260 216
260 217
260 221
260 225
260 241
260 251
260 253
260 254
260 255
260 256
260 262
261 39
261 66
261 79
261 154
261 218
261 222
261 226
261 233
261 241
261 246
261 256
261 262
262 38
262 66
262 78
262 155
262 219
262 223
262 227
262 234
262 241
262 245
262 246
262 252
262 253
262 256
262 262
263 37
263 66
263 77
263 156
263 220
263 224
263 235
263 236
263 241
263 245
263 247
263 256
263 262
264 36
264 66
264 157
264 221
264 226
264 227
264 228
264 229
264 230
264 231
264 232
264 233
264 234
264 235
264 238
264 239
264 240
264 241
264 245
264 248
264 256
264 262
265 35
265 66
265 158
265 222
265 236
265 245
265 246
265 247
265 249
265 256
265 262
266 34
266 66
266 159
266 223
266 237
266 247
266 250
266 251
266 256
266 262
267 33
267 66
267 160
267 224
267 247
267 248
267 249
267 250
267 253
267 254
267 255
267 256
267 262
268 32
268 66
268 161
268 225
268 262
269 31
269 66
269 162
269 226
269 262
270 30
270 66
270 123
270 163
270 227
270 252
270 262
271 29
271 66
271 122
271 253
271 262
272 28
272 66
272 121
272 254
272 262
273 27
273 66
273 120
273 165
273 255
273 262
274 26
274 66
274 119
274 166
274 256
274 262
275 25
275 66
275 118
275 167
275 257
275 262
276 24
276 66
276 117
276 168
276 258
276 262
277 23
277 66
277 116
277 169
277 259
277 262
278 22
278 66
278 115
278 170
278 260
278 261
278 262
279 21
279 66
279 114
279 171
279 260
280 20
280 66
280 113
280 172
280 260
281 19
281 66
281 67
281 68
281 69
281 70
281 71
281 72
281 73
281 74
281 75
281 76
281 77
281 78
281 79
281 80
281 81
281 82
281 83
281 84
281 85
281 86
281 87
281 88
281 89
281 90
281 91
281 92
281 93
281 94
281 95
281 96
281 97
281 98
281 99
281 100
281 101
281 102
281 103
281 104
281 105
281 106
281 107
281 108
281 109
281 110
281 111
281 112
281 173
281 260
282 18
282 112
282 174
282 175
282 260
283 17
283 112
283 113
283 114
283 115
283 116
283 117
283 118
283 119
283 120
283 121
283 122
283 123
283 124
283 125
283 126
283 127
283 128
283 129
283 130
283 131
283 132
283 133
283 134
283 135
283 136
283 137
283 138
283 139
283 140
283 141
283 142
283 143
283 144
283 145
283 146
283 147
283 148
283 149
283 150
283 151
283 152
283 153
283 154
283 155
283 156
283 157
283 158
283 159
283 160
283 161
283 162
283 163
283 164
283 165
283 166
283 167
283 168
283 169
283 170
283 171
283 172
283 173
283 174
283 177
283 178
283 179
283 180
283 181
283 182
283 183
283 184
283 185
283 186
283 187
283 188
283 189
283 190
283 191
283 192
283 193
283 194
283 195
283 196
283 197
283 198
283 199
283 200
283 201
283 202
283 203
283 204
283 205
283 206
283 207
283 208
283 209
283 210
283 211
283 212
283 213
283 214
283 215
283 216
283 217
283 218
283 219
283 220
283 221
283 222
283 223
283 224
283 225
283 226
283 227
283 228
283 229
283 230
283 231
283 232
283 233
283 234
283 235
283 236
283 237
283 238
283 239
283 240
283 241
283 242
283 243
283 244
283 245
283 246
283 247
283 248
283 249
283 250
283 251
283 252
283 253
283 254
283 255
283 256
283 257
283 258
283 259
283 260
284 16
284 175
284 261
285 15
285 176
285 262
286 14
286 177
287 13
287 178
