# step:3000000
23 52
23 53
23 54
23 55
23 58
23 59
23 60
23 61
23 64
23 65
23 66
23 67
23 82
23 83
23 84
23 85
23 88
23 89
23 90
23 91
23 94
23 95
23 96
23 97
24 43
24 44
24 51
24 55
24 57
24 59
24 60
24 61
24 64
24 65
24 66
24 67
24 82
24 83
24 84
24 85
24 88
24 89
24 90
24 92
24 94
24 98
24 105
24 106
25 42
25 44
25 51
25 54
25 56
25 58
25 91
25 93
25 95
25 98
25 105
25 107
26 41
26 43
26 45
26 46
26 47
26 48
26 49
26 50
26 51
26 54
26 56
26 57
26 92
26 93
26 95
26 98
26 99
26 100
26 101
26 102
26 103
26 104
26 106
26 108
27 40
27 42
27 44
27 55
27 94
27 105
27 107
27 109
28 37
28 38
28 39
28 41
28 44
28 49
28 50
28 56
28 93
28 99
28 100
28 105
28 108
28 110
28 111
28 112
29 36
29 40
29 44
29 48
29 51
29 56
29 93
29 98
29 101
29 105
29 109
29 113
30 35
30 40
30 44
30 47
30 52
30 56
30 93
30 97
30 102
30 105
30 109
30 114
31 34
31 41
31 45
31 47
31 48
31 49
31 52
31 57
31 92
31 97
31 100
31 101
31 102
31 104
31 108
31 115
32 33
32 35
32 36
32 41
32 43
32 44
32 45
32 50
32 51
32 57
32 92
32 98
32 99
32 104
32 105
32 106
32 108
32 113
32 114
32 116
33 32
33 35
33 36
33 38
33 39
33 41
33 43
33 57
33 58
33 59
33 90
33 91
33 92
33 106
33 108
33 110
33 111
33 113
33 114
33 117
34 27
34 28
34 32
34 38
34 40
34 42
34 43
34 59
34 90
34 106
34 107
34 109
34 111
34 117
34 121
34 122
35 26
35 29
35 33
35 34
35 35
35 39
35 40
35 58
35 91
35 109
35 110
35 114
35 115
35 116
35 120
35 123
36 25
36 29
36 35
36 43
36 44
36 58
36 91
36 105
36 106
36 114
36 120
36 124
37 24
37 29
37 35
37 40
37 41
37 42
37 44
37 58
37 91
37 105
37 107
37 108
37 109
37 114
37 120
37 125
38 23
38 29
38 36
38 40
38 44
38 58
38 63
38 64
38 71
38 72
38 77
38 78
38 85
38 86
38 91
38 105
38 109
38 113
38 120
38 126
39 22
39 28
39 37
39 40
39 44
39 58
39 63
39 64
39 71
39 73
39 76
39 78
39 85
39 86
39 91
39 105
39 109
39 112
39 121
39 127
40 22
40 25
40 26
40 28
40 38
40 39
40 43
40 55
40 56
40 57
40 72
40 73
40 76
40 77
40 92
40 93
40 94
40 106
40 110
40 111
40 121
40 123
40 124
40 127
41 20
41 21
41 23
41 24
41 27
41 29
41 42
41 52
41 53
41 54
41 95
41 96
41 97
41 107
41 120
41 122
41 125
41 126
41 128
41 129
42 19
42 21
42 23
42 24
42 28
42 29
42 42
42 51
42 98
42 107
42 120
42 121
42 125
42 126
42 128
42 130
43 19
43 20
43 23
43 24
43 40
43 41
43 43
43 50
43 52
43 53
43 62
43 63
43 86
43 87
43 96
43 97
43 99
43 106
43 108
43 109
43 125
43 126
43 129
43 130
44 19
44 20
44 40
44 42
44 43
44 50
44 51
44 53
44 55
44 56
44 62
44 64
44 85
44 87
44 93
44 94
44 96
44 98
44 99
44 106
44 107
44 109
44 129
44 130
45 19
45 20
45 32
45 33
45 41
45 50
45 51
45 52
45 55
45 56
45 63
45 64
45 85
45 86
45 93
45 94
45 97
45 98
45 99
45 108
45 116
45 117
45 129
45 130
46 31
46 33
46 42
46 50
46 99
46 107
46 116
46 118
47 28
47 29
47 30
47 33
47 42
47 48
47 49
47 50
47 56
47 57
47 92
47 93
47 99
47 100
47 101
47 107
47 116
47 119
47 120
47 121
48 27
48 33
48 42
48 48
48 56
48 57
48 69
48 70
48 79
48 80
48 92
48 93
48 101
48 107
48 116
48 122
49 26
49 33
49 36
49 37
49 43
49 48
49 52
49 53
49 56
49 57
49 60
49 61
49 69
49 70
49 79
49 80
49 88
49 89
49 92
49 93
49 96
49 97
49 101
49 106
49 112
49 113
49 116
49 123
50 26
50 29
50 30
50 33
50 36
50 37
50 41
50 42
50 44
50 45
50 46
50 47
50 52
50 54
50 56
50 57
50 59
50 61
50 88
50 90
50 92
50 93
50 95
50 97
50 102
50 103
50 104
50 105
50 107
50 108
50 112
50 113
50 116
50 119
50 120
50 123
51 27
51 28
51 31
51 32
51 41
51 42
51 44
51 45
51 48
51 49
51 53
51 54
51 58
51 60
51 89
51 91
51 95
51 96
51 100
51 101
51 104
51 105
51 107
51 108
51 117
51 118
51 121
51 122
52 13
52 14
52 29
52 30
52 44
52 45
52 48
52 49
52 55
52 56
52 58
52 59
52 90
52 91
52 93
52 94
52 100
52 101
52 104
52 105
52 119
52 120
52 135
52 136
53 13
53 15
53 28
53 31
53 46
53 47
53 54
53 56
53 93
53 95
53 102
53 103
53 118
53 121
53 134
53 136
54 14
54 16
54 17
54 18
54 21
54 22
54 25
54 26
54 27
54 31
54 37
54 38
54 46
54 47
54 53
54 55
54 65
54 66
54 73
54 74
54 75
54 76
54 83
54 84
54 94
54 96
54 102
54 103
54 111
54 112
54 118
54 122
54 123
54 124
54 127
54 128
54 131
54 132
54 133
54 135
55 15
55 18
55 20
55 23
55 25
55 26
55 27
55 28
55 29
55 31
55 37
55 39
55 52
55 54
55 64
55 66
55 72
55 74
55 75
55 77
55 83
55 85
55 95
55 97
55 110
55 112
55 118
55 120
55 121
55 122
55 123
55 124
55 126
55 129
55 131
55 134
56 16
56 17
56 20
56 24
56 25
56 26
56 27
56 28
56 29
56 32
56 38
56 40
56 52
56 53
56 64
56 65
56 71
56 74
56 75
56 78
56 84
56 85
56 96
56 97
56 109
56 111
56 117
56 120
56 121
56 122
56 123
56 124
56 125
56 129
56 132
56 133
57 21
57 24
57 25
57 33
57 39
57 40
57 70
57 74
57 75
57 79
57 109
57 110
57 116
57 124
57 125
57 128
58 19
58 20
58 21
58 23
58 25
58 33
58 47
58 48
58 69
58 73
58 76
58 80
58 101
58 102
58 116
58 124
58 126
58 128
58 129
58 130
59 18
59 22
59 24
59 28
59 29
59 33
59 47
59 48
59 69
59 70
59 71
59 72
59 77
59 78
59 79
59 80
59 101
59 102
59 116
59 120
59 121
59 125
59 127
59 131
60 18
60 22
60 24
60 27
60 30
60 33
60 53
60 54
60 95
60 96
60 116
60 119
60 122
60 125
60 127
60 131
61 19
61 20
61 21
61 22
61 24
61 26
61 30
61 33
61 52
61 54
61 95
61 97
61 116
61 119
61 123
61 125
61 127
61 128
61 129
61 130
62 23
62 25
62 29
62 33
62 35
62 36
62 49
62 50
62 52
62 53
62 96
62 97
62 99
62 100
62 113
62 114
62 116
62 120
62 124
62 126
63 12
63 13
63 18
63 19
63 22
63 25
63 28
63 33
63 34
63 36
63 48
63 50
63 99
63 101
63 113
63 115
63 116
63 121
63 124
63 127
63 130
63 131
63 136
63 137
64 9
64 10
64 12
64 14
64 18
64 19
64 21
64 25
64 27
64 36
64 47
64 49
64 100
64 102
64 113
64 122
64 124
64 128
64 130
64 131
64 135
64 137
64 139
64 140
65 8
65 11
65 12
65 14
65 20
65 25
65 27
65 34
65 35
65 36
65 46
65 49
65 100
65 103
65 113
65 114
65 115
65 122
65 124
65 129
65 135
65 137
65 138
65 141
66 8
66 13
66 20
66 25
66 27
66 33
66 35
66 36
66 46
66 50
66 99
66 103
66 113
66 114
66 116
66 122
66 124
66 129
66 136
66 141
67 9
67 10
67 11
67 12
67 21
67 24
67 27
67 33
67 34
67 37
67 47
67 48
67 49
67 50
67 99
67 100
67 101
67 102
67 112
67 115
67 116
67 122
67 125
67 128
67 137
67 138
67 139
67 140
68 15
68 16
68 22
68 23
68 28
68 37
68 112
68 121
68 126
68 127
68 133
68 134
69 15
69 16
69 26
69 27
69 28
69 32
69 33
69 37
69 112
69 116
69 117
69 121
69 122
69 123
69 133
69 134
70 23
70 24
70 25
70 32
70 34
70 35
70 36
70 37
70 112
70 113
70 114
70 115
70 117
70 124
70 125
70 126
71 23
71 33
71 64
71 65
71 84
71 85
71 116
71 126
72 24
72 34
72 64
72 65
72 84
72 85
72 115
72 125
73 8
73 9
73 25
73 35
73 36
73 37
73 64
73 65
73 84
73 85
73 112
73 113
73 114
73 124
73 140
73 141
74 8
74 9
74 26
74 35
74 36
74 37
74 64
74 65
74 84
74 85
74 112
74 113
74 114
74 123
74 140
74 141
75 8
75 9
75 27
75 32
75 33
75 34
75 60
75 61
75 88
75 89
75 115
75 116
75 117
75 122
75 140
75 141
76 8
76 10
76 13
76 14
76 28
76 32
76 60
76 62
76 87
76 89
76 117
76 121
76 135
76 136
76 139
76 141
77 8
77 10
77 13
77 15
77 29
77 33
77 34
77 35
77 60
77 63
77 68
77 69
77 70
77 71
77 72
77 73
77 76
77 77
77 78
77 79
77 80
77 81
77 86
77 89
77 114
77 115
77 116
77 120
77 134
77 136
77 139
77 141
78 7
78 10
78 14
78 15
78 30
78 35
78 60
78 61
78 62
78 64
78 67
78 69
78 70
78 73
78 76
78 79
78 80
78 82
78 85
78 87
78 88
78 89
78 114
78 119
78 134
78 135
78 139
78 142
79 6
79 11
79 20
79 21
79 31
79 32
79 33
79 34
79 62
79 64
79 66
79 69
79 70
79 72
79 77
79 79
79 80
79 83
79 85
79 87
79 115
79 116
79 117
79 118
79 128
79 129
79 138
79 143
80 6
80 11
80 17
80 18
80 20
80 22
80 33
80 34
80 37
80 38
80 45
80 46
80 62
80 63
80 65
80 67
80 68
80 69
80 70
80 71
80 78
80 79
80 80
80 81
80 82
80 84
80 86
80 87
80 103
80 104
80 111
80 112
80 115
80 116
80 127
80 129
80 131
80 132
80 138
80 143
81 6
81 11
81 17
81 19
81 20
81 22
81 33
81 34
81 37
81 38
81 45
81 46
81 52
81 53
81 65
81 66
81 68
81 69
81 80
81 81
81 83
81 84
81 96
81 97
81 103
81 104
81 111
81 112
81 115
81 116
81 127
81 129
81 130
81 132
81 138
81 143
82 6
82 12
82 13
82 14
82 17
82 21
82 23
82 24
82 41
82 42
82 45
82 46
82 47
82 48
82 51
82 53
82 55
82 56
82 63
82 64
82 68
82 69
82 71
82 72
82 77
82 78
82 80
82 81
82 85
82 86
82 93
82 94
82 96
82 98
82 101
82 102
82 103
82 104
82 107
82 108
82 125
82 126
82 128
82 132
82 135
82 136
82 137
82 143
83 6
83 10
83 11
83 14
83 17
83 21
83 23
83 24
83 41
83 43
83 45
83 48
83 51
83 53
83 54
83 57
83 63
83 64
83 71
83 72
83 77
83 78
83 85
83 86
83 92
83 95
83 96
83 98
83 101
83 104
83 106
83 108
83 125
83 126
83 128
83 132
83 135
83 138
83 139
83 143
84 6
84 9
84 12
84 13
84 15
84 16
84 17
84 22
84 31
84 32
84 37
84 38
84 41
84 43
84 46
84 48
84 51
84 58
84 91
84 98
84 101
84 103
84 106
84 108
84 111
84 112
84 117
84 118
84 127
84 132
84 133
84 134
84 136
84 137
84 140
84 143
85 6
85 8
85 14
85 22
85 30
85 33
85 37
85 38
85 41
85 42
85 47
85 48
85 51
85 59
85 60
85 61
85 62
85 63
85 86
85 87
85 88
85 89
85 90
85 98
85 101
85 102
85 107
85 108
85 111
85 112
85 116
85 119
85 127
85 135
85 141
85 143
86 6
86 7
86 13
86 21
86 30
86 33
86 51
86 64
86 85
86 98
86 116
86 119
86 128
86 136
86 142
86 143
87 8
87 9
87 12
87 18
87 19
87 20
87 24
87 25
87 31
87 32
87 48
87 49
87 51
87 52
87 53
87 65
87 68
87 69
87 80
87 81
87 84
87 96
87 97
87 98
87 100
87 101
87 117
87 118
87 124
87 125
87 129
87 130
87 131
87 137
87 140
87 141
88 7
88 9
88 12
88 15
88 16
88 17
88 24
88 25
88 27
88 28
88 31
88 32
88 41
88 42
88 48
88 50
88 53
88 66
88 67
88 70
88 71
88 72
88 77
88 78
88 79
88 82
88 83
88 96
88 99
88 101
88 107
88 108
88 117
88 118
88 121
88 122
88 124
88 125
88 132
88 133
88 134
88 137
88 140
88 142
89 7
89 8
89 12
89 15
89 16
89 17
89 24
89 25
89 26
89 28
89 31
89 32
89 40
89 43
89 48
89 50
89 52
89 54
89 55
89 73
89 76
89 94
89 95
89 97
89 99
89 101
89 106
89 109
89 117
89 118
89 121
89 123
89 124
89 125
89 132
89 133
89 134
89 137
89 141
89 142
90 11
90 18
90 24
90 28
90 37
90 38
90 39
90 41
90 42
90 44
90 47
90 50
90 52
90 53
90 56
90 74
90 75
90 93
90 96
90 97
90 99
90 102
90 105
90 107
90 108
90 110
90 111
90 112
90 121
90 125
90 131
90 138
91 10
91 18
91 24
91 26
91 27
91 28
91 37
91 38
91 39
91 40
91 43
91 44
91 46
91 51
91 56
91 74
91 75
91 93
91 98
91 103
91 105
91 106
91 109
91 110
91 111
91 112
91 121
91 122
91 123
91 125
91 131
91 139
92 10
92 17
92 24
92 25
92 37
92 38
92 46
92 47
92 48
92 51
92 55
92 73
92 76
92 94
92 98
92 101
92 102
92 103
92 111
92 112
92 124
92 125
92 132
92 139
93 11
93 16
93 37
93 39
93 49
93 51
93 54
93 72
93 77
93 95
93 98
93 100
93 110
93 112
93 133
93 138
94 7
94 8
94 11
94 15
94 25
94 26
94 37
94 39
94 50
94 51
94 53
94 57
94 58
94 69
94 70
94 71
94 78
94 79
94 80
94 91
94 92
94 96
94 98
94 99
94 110
94 112
94 123
94 124
94 134
94 138
94 141
94 142
95 7
95 9
95 10
95 12
95 13
95 15
95 16
95 17
95 24
95 27
95 37
95 38
95 52
95 54
95 55
95 56
95 59
95 62
95 63
95 69
95 80
95 86
95 87
95 90
95 93
95 94
95 95
95 97
95 111
95 112
95 122
95 125
95 132
95 133
95 134
95 136
95 137
95 139
95 140
95 142
96 8
96 11
96 13
96 18
96 21
96 22
96 24
96 27
96 37
96 38
96 51
96 54
96 60
96 61
96 64
96 67
96 68
96 70
96 79
96 81
96 82
96 85
96 88
96 89
96 95
96 98
96 111
96 112
96 122
96 125
96 127
96 128
96 131
96 136
96 138
96 141
97 8
97 11
97 12
97 18
97 21
97 22
97 25
97 26
97 37
97 38
97 51
97 55
97 56
97 57
97 65
97 66
97 69
97 70
97 79
97 80
97 83
97 84
97 92
97 93
97 94
97 98
97 111
97 112
97 123
97 124
97 127
97 128
97 131
97 137
97 138
97 141
98 8
98 18
98 31
98 32
98 51
98 57
98 92
98 98
98 117
98 118
98 131
98 141
99 8
99 18
99 31
99 32
99 48
99 49
99 50
99 52
99 53
99 54
99 55
99 57
99 62
99 63
99 86
99 87
99 92
99 94
99 95
99 96
99 97
99 99
99 100
99 101
99 117
99 118
99 131
99 141
100 8
100 17
100 48
100 52
100 53
100 54
100 56
100 57
100 62
100 63
100 86
100 87
100 92
100 93
100 95
100 96
100 97
100 101
100 132
100 141
101 9
101 16
101 48
101 54
101 95
101 101
101 133
101 140
102 9
102 13
102 14
102 15
102 21
102 22
102 33
102 34
102 48
102 54
102 63
102 64
102 65
102 66
102 83
102 84
102 85
102 86
102 95
102 101
102 115
102 116
102 127
102 128
102 134
102 135
102 136
102 140
103 9
103 12
103 20
103 22
103 32
103 34
103 49
103 50
103 51
103 55
103 60
103 61
103 63
103 67
103 68
103 69
103 80
103 81
103 82
103 86
103 88
103 89
103 94
103 98
103 99
103 100
103 115
103 117
103 127
103 129
103 137
103 140
104 9
104 11
104 20
104 21
104 32
104 33
104 51
104 56
104 60
104 61
104 63
104 70
104 79
104 86
104 88
104 89
104 93
104 98
104 116
104 117
104 128
104 129
104 138
104 140
105 9
105 11
105 18
105 19
105 44
105 45
105 51
105 57
105 62
105 70
105 79
105 87
105 92
105 98
105 104
105 105
105 130
105 131
105 138
105 140
106 10
106 11
106 17
106 19
106 44
106 45
106 52
106 58
106 62
106 70
106 79
106 87
106 91
106 97
106 104
106 105
106 130
106 132
106 138
106 139
107 12
107 13
107 14
107 15
107 16
107 18
107 22
107 23
107 52
107 59
107 60
107 61
107 62
107 70
107 79
107 87
107 88
107 89
107 90
107 97
107 126
107 127
107 131
107 133
107 134
107 135
107 136
107 137
108 12
108 15
108 16
108 17
108 19
108 20
108 21
108 24
108 33
108 34
108 52
108 55
108 56
108 57
108 58
108 65
108 66
108 69
108 80
108 83
108 84
108 91
108 92
108 93
108 94
108 97
108 115
108 116
108 125
108 128
108 129
108 130
108 132
108 133
108 134
108 137
109 13
109 15
109 19
109 24
109 32
109 35
109 53
109 54
109 59
109 65
109 66
109 68
109 70
109 71
109 78
109 79
109 81
109 83
109 84
109 90
109 95
109 96
109 114
109 117
109 125
109 130
109 134
109 136
110 14
110 16
110 17
110 18
110 19
110 23
110 32
110 36
110 37
110 38
110 39
110 40
110 49
110 50
110 60
110 61
110 62
110 63
110 64
110 65
110 66
110 67
110 70
110 72
110 77
110 79
110 82
110 83
110 84
110 85
110 86
110 87
110 88
110 89
110 99
110 100
110 109
110 110
110 111
110 112
110 113
110 117
110 126
110 130
110 131
110 132
110 133
110 135
111 15
111 18
111 19
111 22
111 33
111 40
111 49
111 51
111 66
111 67
111 71
111 73
111 76
111 78
111 82
111 83
111 98
111 100
111 109
111 116
111 127
111 130
111 131
111 134
112 16
112 17
112 20
112 21
112 34
112 35
112 36
112 37
112 38
112 39
112 47
112 48
112 50
112 51
112 66
112 67
112 72
112 73
112 76
112 77
112 82
112 83
112 98
112 99
112 101
112 102
112 110
112 111
112 112
112 113
112 114
112 115
112 128
112 129
112 132
112 133
113 16
113 17
113 46
113 49
113 100
113 103
113 132
113 133
114 16
114 18
114 46
114 50
114 99
114 103
114 131
114 133
115 17
115 19
115 46
115 50
115 68
115 69
115 80
115 81
115 99
115 103
115 130
115 132
116 18
116 20
116 45
116 49
116 68
116 69
116 80
116 81
116 100
116 104
116 129
116 131
117 19
117 21
117 44
117 48
117 54
117 55
117 56
117 57
117 92
117 93
117 94
117 95
117 101
117 105
117 128
117 130
118 20
118 22
118 37
118 38
118 43
118 47
118 49
118 50
118 53
118 55
118 56
118 57
118 92
118 93
118 94
118 96
118 99
118 100
118 102
118 106
118 111
118 112
118 127
118 129
119 21
119 23
119 37
119 39
119 43
119 47
119 48
119 51
119 53
119 54
119 68
119 69
119 80
119 81
119 95
119 96
119 98
119 101
119 102
119 106
119 110
119 112
119 126
119 128
120 22
120 24
120 38
120 39
120 44
120 52
120 68
120 70
120 79
120 81
120 97
120 105
120 110
120 111
120 125
120 127
121 23
121 25
121 34
121 35
121 44
121 52
121 69
121 70
121 79
121 80
121 97
121 105
121 114
121 115
121 124
121 126
122 24
122 26
122 34
122 35
122 37
122 38
122 43
122 49
122 50
122 51
122 55
122 56
122 63
122 64
122 71
122 72
122 77
122 78
122 85
122 86
122 93
122 94
122 98
122 99
122 100
122 106
122 111
122 112
122 114
122 115
122 123
122 125
123 25
123 27
123 37
123 38
123 43
123 48
123 54
123 57
123 62
123 65
123 71
123 72
123 77
123 78
123 84
123 87
123 92
123 95
123 101
123 106
123 111
123 112
123 122
123 124
124 26
124 28
124 43
124 48
124 49
124 50
124 53
124 57
124 62
124 65
124 73
124 74
124 75
124 76
124 84
124 87
124 92
124 96
124 99
124 100
124 101
124 106
124 121
124 123
125 27
125 29
125 36
125 37
125 42
125 51
125 53
125 56
125 63
125 64
125 72
125 74
125 75
125 77
125 85
125 86
125 93
125 96
125 98
125 107
125 112
125 113
125 120
125 122
126 28
126 30
126 31
126 32
126 35
126 37
126 42
126 52
126 53
126 56
126 57
126 58
126 71
126 73
126 76
126 78
126 91
126 92
126 93
126 96
126 97
126 107
126 112
126 114
126 117
126 118
126 119
126 121
127 29
127 30
127 31
127 33
127 35
127 37
127 38
127 39
127 40
127 41
127 42
127 59
127 70
127 72
127 77
127 79
127 90
127 107
127 108
127 109
127 110
127 111
127 112
127 114
127 116
127 118
127 119
127 120
128 32
128 34
128 36
128 51
128 52
128 57
128 58
128 60
128 69
128 71
128 78
128 80
128 89
128 91
128 92
128 97
128 98
128 113
128 115
128 117
129 33
129 35
129 37
129 48
129 49
129 51
129 52
129 54
129 55
129 57
129 58
129 61
129 62
129 63
129 68
129 70
129 79
129 81
129 86
129 87
129 88
129 91
129 92
129 94
129 95
129 97
129 98
129 100
129 101
129 112
129 114
129 116
130 34
130 36
130 38
130 41
130 42
130 43
130 44
130 45
130 46
130 47
130 49
130 54
130 56
130 63
130 67
130 69
130 80
130 82
130 86
130 93
130 95
130 100
130 102
130 103
130 104
130 105
130 106
130 107
130 108
130 111
130 113
130 115
131 35
131 37
131 38
131 40
131 48
131 54
131 56
131 58
131 59
131 60
131 61
131 62
131 66
131 68
131 81
131 83
131 87
131 88
131 89
131 90
131 91
131 93
131 95
131 101
131 109
131 111
131 112
131 114
132 36
132 37
132 38
132 39
132 47
132 54
132 55
132 58
132 66
132 67
132 82
132 83
132 91
132 94
132 95
132 102
132 110
132 111
132 112
132 113
133 47
133 48
133 49
133 50
133 51
133 52
133 53
133 54
133 55
133 56
133 57
133 58
133 91
133 92
133 93
133 94
133 95
133 96
133 97
133 98
133 99
133 100
133 101
133 102
