# step:3000000
23 56
23 57
23 62
23 63
23 86
23 87
23 92
23 93
24 45
24 46
24 47
24 48
24 49
24 50
24 52
24 53
24 54
24 58
24 91
24 95
24 96
24 97
24 99
24 100
24 101
24 102
24 103
24 104
25 43
25 45
25 46
25 52
25 55
25 57
25 66
25 67
25 68
25 69
25 70
25 71
25 72
25 73
25 74
25 75
25 76
25 77
25 78
25 79
25 80
25 81
25 82
25 83
25 92
25 94
25 97
25 103
25 104
25 106
26 39
26 40
26 42
26 53
26 58
26 60
26 65
26 84
26 89
26 91
26 96
26 107
26 109
26 110
27 36
27 37
27 38
27 47
27 51
27 52
27 53
27 56
27 60
27 64
27 65
27 66
27 67
27 68
27 69
27 70
27 71
27 78
27 79
27 80
27 81
27 82
27 83
27 84
27 85
27 89
27 93
27 96
27 97
27 98
27 102
27 111
27 112
27 113
28 35
28 40
28 45
28 46
28 47
28 48
28 51
28 54
28 55
28 57
28 59
28 61
28 62
28 63
28 64
28 65
28 66
28 69
28 70
28 72
28 73
28 74
28 75
28 76
28 77
28 79
28 80
28 83
28 84
28 85
28 86
28 87
28 88
28 90
28 92
28 94
28 95
28 98
28 101
28 102
28 103
28 104
28 109
28 114
29 34
29 37
29 39
29 42
29 43
29 49
29 50
29 58
29 60
29 63
29 64
29 65
29 66
29 69
29 80
29 83
29 84
29 85
29 86
29 89
29 91
29 99
29 100
29 106
29 107
29 110
29 112
29 115
30 33
30 36
30 39
30 41
30 43
30 48
30 49
30 50
30 51
30 55
30 57
30 58
30 61
30 64
30 65
30 67
30 68
30 69
30 71
30 72
30 73
30 74
30 75
30 76
30 77
30 78
30 80
30 81
30 82
30 84
30 85
30 88
30 91
30 92
30 94
30 98
30 99
30 100
30 101
30 106
30 108
30 110
30 113
30 116
31 32
31 37
31 40
31 43
31 46
31 51
31 53
31 54
31 55
31 63
31 68
31 81
31 86
31 94
31 95
31 96
31 98
31 103
31 106
31 109
31 112
31 117
32 31
32 38
32 40
32 42
32 46
32 53
32 56
32 60
32 89
32 93
32 96
32 103
32 107
32 109
32 111
32 118
33 30
33 34
33 40
33 42
33 44
33 51
33 61
33 62
33 64
33 66
33 67
33 68
33 71
33 72
33 73
33 74
33 75
33 76
33 77
33 78
33 81
33 82
33 83
33 85
33 87
33 88
33 98
33 105
33 107
33 109
33 115
33 119
34 29
34 31
34 33
34 36
34 37
34 39
34 45
34 46
34 47
34 50
34 51
34 52
34 54
34 55
34 56
34 58
34 63
34 67
34 71
34 72
34 73
34 76
34 77
34 78
34 82
34 86
34 91
34 93
34 94
34 95
34 97
34 98
34 99
34 102
34 103
34 104
34 110
34 112
34 113
34 116
34 118
34 120
35 27
35 30
35 31
35 37
35 41
35 42
35 46
35 52
35 53
35 55
35 56
35 60
35 61
35 64
35 66
35 73
35 76
35 83
35 85
35 88
35 89
35 93
35 94
35 96
35 97
35 103
35 107
35 108
35 112
35 118
35 119
35 122
36 26
36 28
36 32
36 34
36 36
36 41
36 42
36 45
36 47
36 50
36 51
36 52
36 53
36 54
36 56
36 64
36 65
36 84
36 85
36 93
36 95
36 96
36 97
36 98
36 99
36 102
36 104
36 107
36 108
36 113
36 115
36 117
36 121
36 123
37 25
37 27
37 31
37 32
37 33
37 47
37 49
37 52
37 57
37 61
37 62
37 66
37 68
37 73
37 74
37 75
37 76
37 81
37 83
37 87
37 88
37 92
37 97
37 100
37 102
37 116
37 117
37 118
37 122
37 124
38 24
38 28
38 31
38 33
38 41
38 46
38 48
38 51
38 55
38 56
38 57
38 65
38 67
38 69
38 73
38 76
38 80
38 82
38 84
38 92
38 93
38 94
38 98
38 101
38 103
38 108
38 116
38 118
38 121
38 125
39 23
39 30
39 31
39 35
39 42
39 45
39 49
39 51
39 52
39 54
39 55
39 57
39 65
39 66
39 67
39 68
39 69
39 72
39 77
39 80
39 81
39 82
39 83
39 84
39 92
39 94
39 95
39 97
39 98
39 100
39 104
39 107
39 114
39 118
39 119
39 126
40 24
40 31
40 33
40 35
40 41
40 46
40 47
40 48
40 50
40 54
40 59
40 60
40 61
40 64
40 68
40 71
40 74
40 75
40 78
40 81
40 85
40 88
40 89
40 90
40 95
40 99
40 101
40 102
40 103
40 108
40 114
40 116
40 118
40 125
41 22
41 28
41 31
41 35
41 38
41 45
41 47
41 48
41 50
41 51
41 55
41 64
41 67
41 68
41 71
41 73
41 76
41 78
41 81
41 82
41 85
41 94
41 98
41 99
41 101
41 102
41 104
41 111
41 114
41 118
41 121
41 127
42 20
42 22
42 31
42 35
42 36
42 38
42 44
42 46
42 47
42 50
42 53
42 55
42 59
42 63
42 65
42 66
42 68
42 69
42 72
42 73
42 74
42 75
42 76
42 77
42 80
42 81
42 83
42 84
42 86
42 90
42 94
42 96
42 99
42 102
42 103
42 105
42 111
42 113
42 114
42 118
42 127
42 129
43 22
43 28
43 33
43 35
43 37
43 38
43 39
43 44
43 45
43 49
43 56
43 57
43 59
43 60
43 64
43 67
43 68
43 71
43 72
43 73
43 76
43 77
43 78
43 81
43 82
43 85
43 89
43 90
43 92
43 93
43 100
43 104
43 105
43 110
43 111
43 112
43 114
43 116
43 121
43 127
44 22
44 24
44 27
44 47
44 48
44 54
44 59
44 60
44 63
44 68
44 69
44 70
44 71
44 72
44 77
44 78
44 79
44 80
44 81
44 86
44 89
44 90
44 95
44 101
44 102
44 122
44 125
44 127
45 21
45 23
45 31
45 34
45 38
45 39
45 40
45 43
45 46
45 47
45 53
45 54
45 58
45 59
45 60
45 62
45 67
45 69
45 70
45 71
45 78
45 79
45 80
45 82
45 87
45 89
45 90
45 91
45 95
45 96
45 102
45 103
45 106
45 109
45 110
45 111
45 115
45 118
45 126
45 128
46 19
46 25
46 27
46 28
46 30
46 34
46 35
46 36
46 37
46 41
46 44
46 47
46 51
46 54
46 55
46 60
46 61
46 65
46 66
46 67
46 71
46 78
46 82
46 83
46 84
46 88
46 89
46 94
46 95
46 98
46 102
46 105
46 108
46 112
46 113
46 114
46 115
46 119
46 121
46 122
46 124
46 130
47 18
47 21
47 23
47 32
47 38
47 39
47 43
47 45
47 47
47 51
47 52
47 65
47 70
47 72
47 73
47 74
47 75
47 76
47 77
47 79
47 84
47 97
47 98
47 102
47 104
47 106
47 110
47 111
47 117
47 126
47 128
47 131
48 17
48 19
48 22
48 31
48 32
48 34
48 36
48 37
48 38
48 46
48 47
48 49
48 51
48 52
48 58
48 59
48 60
48 65
48 67
48 72
48 74
48 75
48 77
48 82
48 84
48 89
48 90
48 91
48 97
48 98
48 100
48 102
48 103
48 111
48 112
48 113
48 115
48 117
48 118
48 127
48 130
48 132
49 16
49 18
49 20
49 22
49 25
49 27
49 29
49 34
49 38
49 46
49 49
49 59
49 65
49 67
49 74
49 75
49 82
49 84
49 90
49 100
49 103
49 111
49 115
49 120
49 122
49 124
49 127
49 129
49 131
49 133
50 15
50 17
50 19
50 22
50 23
50 24
50 28
50 31
50 32
50 34
50 35
50 38
50 40
50 43
50 48
50 49
50 50
50 51
50 53
50 58
50 60
50 68
50 71
50 74
50 75
50 78
50 81
50 89
50 91
50 96
50 98
50 99
50 100
50 101
50 106
50 109
50 111
50 114
50 115
50 117
50 118
50 121
50 125
50 126
50 127
50 130
50 132
50 134
51 15
51 16
51 33
51 34
51 36
51 37
51 40
51 43
51 46
51 47
51 52
51 55
51 56
51 57
51 64
51 65
51 73
51 74
51 75
51 76
51 84
51 85
51 92
51 93
51 94
51 97
51 102
51 103
51 106
51 109
51 112
51 113
51 115
51 116
51 133
51 134
52 15
52 16
52 17
52 18
52 19
52 20
52 21
52 22
52 23
52 24
52 28
52 31
52 32
52 33
52 37
52 40
52 43
52 51
52 52
52 53
52 54
52 60
52 61
52 63
52 66
52 70
52 71
52 74
52 75
52 78
52 79
52 83
52 86
52 88
52 89
52 95
52 96
52 97
52 98
52 106
52 109
52 112
52 116
52 117
52 118
52 121
52 125
52 126
52 127
52 128
52 129
52 130
52 131
52 132
52 133
52 134
53 16
53 18
53 23
53 25
53 27
53 29
53 34
53 36
53 40
53 43
53 44
53 57
53 62
53 63
53 67
53 73
53 74
53 75
53 76
53 82
53 86
53 87
53 92
53 105
53 106
53 109
53 113
53 115
53 120
53 122
53 124
53 126
53 131
53 133
54 13
54 15
54 28
54 29
54 34
54 36
54 41
54 48
54 49
54 50
54 54
54 62
54 63
54 68
54 70
54 79
54 81
54 86
54 87
54 95
54 99
54 100
54 101
54 108
54 113
54 115
54 120
54 121
54 134
54 136
55 13
55 22
55 30
55 32
55 33
55 34
55 36
55 38
55 47
55 50
55 51
55 55
55 63
55 65
55 67
55 68
55 73
55 76
55 81
55 82
55 84
55 86
55 94
55 98
55 99
55 102
55 111
55 113
55 115
55 116
55 117
55 119
55 127
55 136
56 13
56 15
56 18
56 19
56 22
56 23
56 31
56 33
56 35
56 37
56 39
56 42
56 47
56 50
56 51
56 56
56 59
56 60
56 61
56 72
56 73
56 76
56 77
56 88
56 89
56 90
56 93
56 98
56 99
56 102
56 107
56 110
56 112
56 114
56 116
56 118
56 126
56 127
56 130
56 131
56 134
56 136
57 12
57 14
57 15
57 22
57 23
57 30
57 31
57 34
57 36
57 37
57 41
57 42
57 43
57 44
57 45
57 46
57 49
57 50
57 54
57 55
57 57
57 60
57 65
57 66
57 69
57 71
57 73
57 76
57 78
57 80
57 83
57 84
57 89
57 92
57 94
57 95
57 99
57 100
57 103
57 104
57 105
57 106
57 107
57 108
57 112
57 113
57 115
57 118
57 119
57 126
57 127
57 134
57 135
57 137
58 11
58 13
58 14
58 15
58 18
58 28
58 31
58 34
58 36
58 38
58 39
58 40
58 43
58 44
58 45
58 49
58 52
58 53
58 54
58 55
58 58
58 59
58 61
58 63
58 65
58 68
58 72
58 74
58 75
58 77
58 81
58 84
58 86
58 88
58 90
58 91
58 94
58 95
58 96
58 97
58 100
58 104
58 105
58 106
58 109
58 110
58 111
58 113
58 115
58 118
58 121
58 131
58 134
58 135
58 136
58 138
59 10
59 12
59 13
59 14
59 15
59 16
59 31
59 32
59 37
59 39
59 40
59 49
59 52
59 55
59 58
59 61
59 63
59 64
59 68
59 73
59 74
59 75
59 76
59 81
59 85
59 86
59 88
59 91
59 94
59 97
59 100
59 109
59 110
59 112
59 117
59 118
59 133
59 134
59 135
59 136
59 137
59 139
60 9
60 11
60 12
60 21
60 25
60 26
60 29
60 31
60 32
60 34
60 36
60 38
60 39
60 40
60 41
60 42
60 43
60 50
60 61
60 64
60 69
60 72
60 74
60 75
60 77
60 80
60 85
60 88
60 99
60 106
60 107
60 108
60 109
60 110
60 111
60 113
60 115
60 117
60 118
60 120
60 123
60 124
60 128
60 137
60 138
60 140
61 9
61 10
61 12
61 13
61 25
61 27
61 28
61 29
61 36
61 37
61 40
61 42
61 43
61 44
61 49
61 50
61 53
61 57
61 58
61 59
61 62
61 64
61 65
61 68
61 71
61 72
61 77
61 78
61 81
61 84
61 85
61 87
61 90
61 91
61 92
61 96
61 99
61 100
61 105
61 106
61 107
61 109
61 112
61 113
61 120
61 121
61 122
61 124
61 136
61 137
61 139
61 140
62 9
62 10
62 18
62 20
62 21
62 22
62 24
62 26
62 37
62 41
62 46
62 48
62 58
62 60
62 61
62 64
62 65
62 67
62 71
62 78
62 82
62 84
62 85
62 88
62 89
62 91
62 101
62 103
62 108
62 112
62 123
62 125
62 127
62 128
62 129
62 131
62 139
62 140
63 8
63 17
63 20
63 24
63 31
63 35
63 37
63 41
63 43
63 49
63 51
63 54
63 55
63 56
63 59
63 62
63 63
63 64
63 67
63 68
63 69
63 72
63 73
63 76
63 77
63 80
63 81
63 82
63 85
63 86
63 87
63 90
63 93
63 94
63 95
63 98
63 100
63 106
63 108
63 112
63 114
63 118
63 125
63 129
63 132
63 141
64 8
64 13
64 17
64 23
64 24
64 28
64 32
64 34
64 37
64 40
64 43
64 44
64 48
64 52
64 57
64 58
64 59
64 63
64 64
64 67
64 70
64 71
64 72
64 73
64 76
64 77
64 78
64 79
64 82
64 85
64 86
64 90
64 91
64 92
64 97
64 101
64 105
64 106
64 109
64 112
64 115
64 117
64 121
64 125
64 126
64 132
64 136
64 141
65 10
65 15
65 16
65 17
65 18
65 19
65 22
65 42
65 45
65 57
65 58
65 61
65 63
65 68
65 73
65 74
65 75
65 76
65 81
65 86
65 88
65 91
65 92
65 104
65 107
65 127
65 130
65 131
65 132
65 133
65 134
65 139
66 10
66 16
66 22
66 23
66 24
66 26
66 29
66 31
66 34
66 37
66 39
66 41
66 44
66 52
66 54
66 55
66 59
66 61
66 62
66 66
66 73
66 76
66 83
66 87
66 88
66 90
66 94
66 95
66 97
66 105
66 108
66 110
66 112
66 115
66 118
66 120
66 123
66 125
66 126
66 127
66 133
66 139
67 8
67 13
67 14
67 15
67 17
67 19
67 22
67 23
67 26
67 31
67 32
67 38
67 39
67 41
67 44
67 55
67 59
67 67
67 68
67 69
67 71
67 72
67 73
67 76
67 77
67 78
67 80
67 81
67 82
67 90
67 94
67 105
67 108
67 110
67 111
67 117
67 118
67 123
67 126
67 127
67 130
67 132
67 134
67 135
67 136
67 141
68 7
68 9
68 10
68 13
68 14
68 17
68 21
68 25
68 26
68 27
68 29
68 32
68 34
68 36
68 38
68 39
68 40
68 42
68 57
68 69
68 70
68 71
68 72
68 73
68 74
68 75
68 76
68 77
68 78
68 79
68 80
68 92
68 107
68 109
68 110
68 111
68 113
68 115
68 117
68 120
68 122
68 123
68 124
68 128
68 132
68 135
68 136
68 139
68 140
68 142
69 7
69 8
69 13
69 14
69 17
69 18
69 19
69 24
69 29
69 36
69 38
69 42
69 44
69 51
69 54
69 56
69 57
69 59
69 63
69 65
69 68
69 69
69 70
69 71
69 72
69 73
69 76
69 77
69 78
69 79
69 80
69 81
69 84
69 86
69 90
69 92
69 93
69 95
69 98
69 105
69 107
69 111
69 113
69 120
69 125
69 130
69 131
69 132
69 135
69 136
69 141
69 142
70 7
70 8
70 9
70 13
70 15
70 19
70 26
70 30
70 38
70 41
70 43
70 44
70 47
70 55
70 60
70 61
70 63
70 64
70 65
70 66
70 67
70 70
70 71
70 74
70 75
70 78
70 79
70 82
70 83
70 84
70 85
70 86
70 88
70 89
70 94
70 102
70 105
70 106
70 108
70 111
70 119
70 123
70 130
70 134
70 136
70 140
70 141
70 142
71 7
71 10
71 11
71 13
71 14
71 24
71 26
71 27
71 28
71 29
71 30
71 31
71 32
71 34
71 35
71 36
71 38
71 39
71 40
71 44
71 46
71 47
71 48
71 49
71 50
71 51
71 54
71 56
71 57
71 59
71 60
71 66
71 69
71 74
71 75
71 80
71 83
71 89
71 90
71 92
71 93
71 95
71 98
71 99
71 100
71 101
71 102
71 103
71 105
71 109
71 110
71 111
71 113
71 114
71 115
71 117
71 118
71 119
71 120
71 121
71 122
71 123
71 125
71 135
71 136
71 138
71 139
71 142
72 8
72 9
72 10
72 11
72 12
72 16
72 17
72 20
72 21
72 23
72 25
72 33
72 36
72 39
72 41
72 43
72 47
72 48
72 49
72 50
72 51
72 53
72 58
72 60
72 62
72 63
72 67
72 68
72 69
72 74
72 75
72 80
72 81
72 82
72 86
72 87
72 89
72 91
72 96
72 98
72 99
72 100
72 101
72 102
72 106
72 108
72 110
72 113
72 116
72 124
72 126
72 128
72 129
72 132
72 133
72 137
72 138
72 139
72 140
72 141
73 19
73 20
73 21
73 24
73 27
73 28
73 34
73 41
73 42
73 44
73 47
73 48
73 50
73 52
73 55
73 58
73 63
73 71
73 72
73 73
73 76
73 77
73 78
73 86
73 91
73 94
73 97
73 99
73 101
73 102
73 105
73 107
73 108
73 115
73 121
73 122
73 125
73 128
73 129
73 130
74 12
74 15
74 17
74 19
74 20
74 21
74 23
74 24
74 27
74 28
74 30
74 31
74 32
74 33
74 34
74 38
74 39
74 41
74 47
74 48
74 51
74 52
74 53
74 54
74 56
74 59
74 66
74 68
74 74
74 75
74 81
74 83
74 90
74 93
74 95
74 96
74 97
74 98
74 101
74 102
74 108
74 110
74 111
74 115
74 116
74 117
74 118
74 119
74 121
74 122
74 125
74 126
74 128
74 129
74 130
74 132
74 134
74 137
75 12
75 14
75 15
75 19
75 20
75 21
75 22
75 23
75 24
75 25
75 26
75 28
75 29
75 30
75 31
75 35
75 36
75 37
75 38
75 40
75 41
75 43
75 44
75 48
75 49
75 50
75 51
75 52
75 57
75 59
75 62
75 64
75 65
75 67
75 70
75 71
75 73
75 76
75 78
75 79
75 82
75 84
75 85
75 87
75 90
75 92
75 97
75 98
75 99
75 100
75 101
75 105
75 106
75 108
75 109
75 111
75 112
75 113
75 114
75 118
75 119
75 120
75 121
75 123
75 124
75 125
75 126
75 127
75 128
75 129
75 130
75 134
75 135
75 137
76 9
76 15
76 18
76 19
76 20
76 21
76 23
76 26
76 27
76 30
76 31
76 33
76 34
76 40
76 43
76 45
76 48
76 50
76 52
76 53
76 54
76 58
76 68
76 70
76 71
76 72
76 73
76 76
76 77
76 78
76 79
76 81
76 91
76 95
76 96
76 97
76 99
76 101
76 104
76 106
76 109
76 115
76 116
76 118
76 119
76 122
76 123
76 126
76 128
76 129
76 130
76 131
76 134
76 140
77 9
77 16
77 17
77 18
77 19
77 20
77 26
77 28
77 30
77 32
77 36
77 42
77 43
77 46
77 47
77 48
77 52
77 53
77 54
77 57
77 58
77 61
77 74
77 75
77 88
77 91
77 92
77 95
77 96
77 97
77 101
77 102
77 103
77 106
77 107
77 113
77 117
77 119
77 121
77 123
77 129
77 130
77 131
77 132
77 133
77 140
78 8
78 9
78 13
78 16
78 19
78 21
78 23
78 24
78 25
78 26
78 27
78 31
78 32
78 33
78 37
78 38
78 43
78 46
78 47
78 50
78 53
78 54
78 63
78 65
78 68
78 72
78 77
78 81
78 84
78 86
78 95
78 96
78 99
78 102
78 103
78 106
78 111
78 112
78 116
78 117
78 118
78 122
78 123
78 124
78 125
78 126
78 128
78 130
78 133
78 136
78 140
78 141
79 7
79 8
79 9
79 15
79 16
79 17
79 18
79 41
79 44
79 46
79 47
79 48
79 51
79 52
79 55
79 57
79 59
79 61
79 68
79 71
79 78
79 81
79 88
79 90
79 92
79 94
79 97
79 98
79 101
79 102
79 103
79 105
79 108
79 131
79 132
79 133
79 134
79 140
79 141
79 142
80 10
80 14
80 25
80 27
80 30
80 31
80 35
80 39
80 42
80 43
80 44
80 47
80 49
80 50
80 52
80 55
80 58
80 59
80 60
80 64
80 66
80 72
80 73
80 76
80 77
80 83
80 85
80 89
80 90
80 91
80 94
80 97
80 99
80 100
80 102
80 105
80 106
80 107
80 110
80 114
80 118
80 119
80 122
80 124
80 135
80 139
81 13
81 14
81 16
81 23
81 27
81 30
81 36
81 40
81 43
81 44
81 47
81 55
81 60
81 61
81 62
81 64
81 72
81 74
81 75
81 77
81 85
81 87
81 88
81 89
81 94
81 102
81 105
81 106
81 109
81 113
81 119
81 122
81 126
81 133
81 135
81 136
82 11
82 16
82 18
82 20
82 28
82 30
82 34
82 39
82 40
82 43
82 44
82 50
82 61
82 62
82 74
82 75
82 87
82 88
82 99
82 105
82 106
82 109
82 110
82 115
82 119
82 121
82 129
82 131
82 133
82 138
83 8
83 12
83 15
83 18
83 19
83 20
83 22
83 29
83 34
83 35
83 37
83 38
83 39
83 40
83 42
83 44
83 46
83 47
83 49
83 56
83 60
83 61
83 68
83 81
83 88
83 89
83 93
83 100
83 102
83 103
83 105
83 107
83 109
83 110
83 111
83 112
83 114
83 115
83 120
83 127
83 129
83 130
83 131
83 134
83 137
83 141
84 10
84 24
84 27
84 29
84 33
84 39
84 50
84 52
84 53
84 54
84 55
84 56
84 57
84 60
84 61
84 63
84 66
84 72
84 77
84 83
84 86
84 88
84 89
84 92
84 93
84 94
84 95
84 96
84 97
84 99
84 110
84 116
84 120
84 122
84 125
84 139
85 9
85 10
85 11
85 12
85 13
85 15
85 17
85 18
85 19
85 23
85 24
85 25
85 26
85 27
85 28
85 31
85 32
85 34
85 44
85 45
85 46
85 50
85 57
85 64
85 65
85 68
85 69
85 72
85 77
85 80
85 81
85 84
85 85
85 92
85 99
85 103
85 104
85 105
85 115
85 117
85 118
85 121
85 122
85 123
85 124
85 125
85 126
85 130
85 131
85 132
85 134
85 136
85 137
85 138
85 139
85 140
86 8
86 9
86 10
86 11
86 14
86 15
86 17
86 18
86 20
86 22
86 23
86 24
86 25
86 34
86 35
86 41
86 47
86 49
86 52
86 53
86 54
86 58
86 60
86 61
86 63
86 68
86 69
86 70
86 71
86 78
86 79
86 80
86 81
86 86
86 88
86 89
86 91
86 95
86 96
86 97
86 100
86 102
86 108
86 114
86 115
86 124
86 125
86 126
86 127
86 129
86 131
86 132
86 134
86 135
86 138
86 139
86 140
86 141
87 15
87 16
87 17
87 26
87 27
87 29
87 30
87 34
87 36
87 38
87 39
87 40
87 41
87 50
87 54
87 58
87 62
87 63
87 67
87 70
87 72
87 74
87 75
87 77
87 79
87 82
87 86
87 87
87 91
87 95
87 99
87 108
87 109
87 110
87 111
87 113
87 115
87 119
87 120
87 122
87 123
87 132
87 133
87 134
88 8
88 10
88 14
88 20
88 23
88 26
88 43
88 52
88 57
88 63
88 68
88 73
88 74
88 75
88 76
88 81
88 86
88 92
88 97
88 106
88 123
88 126
88 129
88 135
88 139
88 141
89 9
89 20
89 22
89 23
89 34
89 36
89 37
89 44
89 64
89 69
89 70
89 71
89 74
89 75
89 78
89 79
89 80
89 85
89 105
89 112
89 113
89 115
89 126
89 127
89 129
89 140
90 7
90 12
90 13
90 15
90 20
90 25
90 27
90 33
90 34
90 35
90 40
90 46
90 48
90 49
90 51
90 54
90 62
90 64
90 69
90 72
90 77
90 80
90 85
90 87
90 95
90 98
90 100
90 101
90 103
90 109
90 114
90 115
90 116
90 122
90 124
90 129
90 134
90 136
90 137
90 142
91 7
91 12
91 21
91 23
91 25
91 29
91 30
91 33
91 35
91 42
91 45
91 47
91 54
91 57
91 63
91 64
91 69
91 72
91 77
91 80
91 85
91 86
91 92
91 95
91 102
91 104
91 107
91 114
91 116
91 119
91 120
91 124
91 126
91 128
91 137
91 142
92 7
92 9
92 11
92 13
92 19
92 20
92 21
92 22
92 23
92 28
92 29
92 30
92 31
92 32
92 34
92 35
92 39
92 42
92 43
92 45
92 50
92 53
92 56
92 61
92 64
92 70
92 71
92 72
92 77
92 78
92 79
92 85
92 88
92 93
92 96
92 99
92 104
92 106
92 107
92 110
92 114
92 115
92 117
92 118
92 119
92 120
92 121
92 126
92 127
92 128
92 129
92 130
92 136
92 138
92 140
92 142
93 7
93 13
93 18
93 23
93 24
93 27
93 28
93 30
93 31
93 35
93 36
93 38
93 44
93 48
93 50
93 55
93 59
93 62
93 63
93 64
93 65
93 66
93 67
93 73
93 74
93 75
93 76
93 82
93 83
93 84
93 85
93 86
93 87
93 90
93 94
93 99
93 101
93 105
93 111
93 113
93 114
93 118
93 119
93 121
93 122
93 125
93 126
93 131
93 136
93 142
94 19
94 32
94 34
94 35
94 36
94 38
94 40
94 41
94 42
94 55
94 56
94 60
94 61
94 63
94 67
94 72
94 74
94 75
94 77
94 82
94 86
94 88
94 89
94 93
94 94
94 107
94 108
94 109
94 111
94 113
94 114
94 115
94 117
94 130
95 8
95 14
95 19
95 22
95 25
95 28
95 32
95 35
95 39
95 40
95 44
95 49
95 51
95 53
95 60
95 61
95 64
95 65
95 66
95 67
95 68
95 81
95 82
95 83
95 84
95 85
95 88
95 89
95 96
95 98
95 100
95 105
95 109
95 110
95 114
95 117
95 121
95 124
95 127
95 130
95 135
95 141
96 9
96 12
96 16
96 23
96 31
96 36
96 39
96 42
96 50
96 53
96 55
96 56
96 58
96 59
96 63
96 65
96 66
96 72
96 74
96 75
96 77
96 83
96 84
96 86
96 90
96 91
96 93
96 94
96 96
96 99
96 107
96 110
96 113
96 118
96 126
96 133
96 137
96 140
97 9
97 19
97 24
97 35
97 39
97 40
97 43
97 49
97 50
97 54
97 60
97 61
97 62
97 64
97 85
97 87
97 88
97 89
97 95
97 99
97 100
97 106
97 109
97 110
97 114
97 125
97 130
97 140
98 9
98 16
98 17
98 19
98 20
98 21
98 22
98 23
98 26
98 34
98 36
98 41
98 43
98 45
98 47
98 50
98 52
98 53
98 56
98 59
98 64
98 65
98 67
98 74
98 75
98 82
98 84
98 85
98 90
98 93
98 96
98 97
98 99
98 102
98 104
98 106
98 108
98 113
98 115
98 123
98 126
98 127
98 128
98 129
98 130
98 132
98 133
98 140
99 9
99 10
99 11
99 12
99 16
99 19
99 21
99 22
99 23
99 26
99 30
99 33
99 35
99 37
99 42
99 44
99 45
99 64
99 65
99 72
99 74
99 75
99 77
99 84
99 85
99 104
99 105
99 107
99 112
99 114
99 116
99 119
99 123
99 126
99 127
99 128
99 130
99 133
99 137
99 138
99 139
99 140
100 9
100 10
100 14
100 15
100 16
100 20
100 21
100 23
100 24
100 29
100 34
100 41
100 42
100 46
100 64
100 70
100 71
100 74
100 75
100 78
100 79
100 85
100 103
100 107
100 108
100 115
100 120
100 125
100 126
100 128
100 129
100 133
100 134
100 135
100 139
100 140
101 11
101 12
101 13
101 14
101 17
101 18
101 24
101 25
101 26
101 27
101 30
101 31
101 32
101 37
101 38
101 40
101 46
101 53
101 55
101 56
101 63
101 65
101 67
101 74
101 75
101 82
101 84
101 86
101 93
101 94
101 96
101 103
101 109
101 111
101 112
101 117
101 118
101 119
101 122
101 123
101 124
101 125
101 131
101 132
101 135
101 136
101 137
101 138
102 17
102 23
102 26
102 27
102 28
102 30
102 31
102 32
102 35
102 44
102 46
102 49
102 50
102 53
102 59
102 62
102 67
102 71
102 72
102 73
102 76
102 77
102 78
102 82
102 87
102 90
102 96
102 99
102 100
102 103
102 105
102 114
102 117
102 118
102 119
102 121
102 122
102 123
102 126
102 132
103 11
103 14
103 16
103 18
103 19
103 23
103 24
103 27
103 28
103 30
103 31
103 35
103 39
103 41
103 44
103 46
103 48
103 53
103 59
103 65
103 70
103 72
103 77
103 79
103 84
103 90
103 96
103 101
103 103
103 105
103 108
103 110
103 114
103 118
103 119
103 121
103 122
103 125
103 126
103 130
103 131
103 133
103 135
103 138
104 13
104 14
104 15
104 16
104 22
104 23
104 24
104 26
104 37
104 39
104 40
104 44
104 47
104 52
104 54
104 64
104 66
104 68
104 69
104 71
104 73
104 74
104 75
104 76
104 78
104 80
104 81
104 83
104 85
104 95
104 97
104 102
104 105
104 109
104 110
104 112
104 123
104 125
104 126
104 127
104 133
104 134
104 135
104 136
105 10
105 12
105 16
105 17
105 20
105 22
105 23
105 24
105 26
105 31
105 36
105 48
105 49
105 53
105 55
105 58
105 59
105 60
105 61
105 63
105 64
105 67
105 69
105 73
105 76
105 80
105 82
105 85
105 86
105 88
105 89
105 90
105 91
105 94
105 96
105 100
105 101
105 113
105 118
105 123
105 125
105 126
105 127
105 129
105 132
105 133
105 137
105 139
106 12
106 15
106 18
106 21
106 22
106 23
106 24
106 26
106 27
106 31
106 32
106 37
106 40
106 41
106 46
106 50
106 51
106 54
106 55
106 57
106 59
106 61
106 64
106 65
106 68
106 69
106 71
106 78
106 80
106 81
106 84
106 85
106 88
106 90
106 92
106 94
106 95
106 98
106 99
106 103
106 108
106 109
106 112
106 117
106 118
106 122
106 123
106 125
106 126
106 127
106 128
106 131
106 134
106 137
107 17
107 19
107 26
107 29
107 30
107 33
107 35
107 38
107 39
107 45
107 48
107 49
107 50
107 51
107 56
107 58
107 63
107 64
107 65
107 69
107 80
107 84
107 85
107 86
107 91
107 93
107 98
107 99
107 100
107 101
107 104
107 110
107 111
107 114
107 116
107 119
107 120
107 123
107 130
107 132
108 13
108 23
108 25
108 26
108 27
108 29
108 35
108 36
108 37
108 38
108 39
108 47
108 50
108 51
108 62
108 63
108 70
108 79
108 86
108 87
108 98
108 99
108 102
108 110
108 111
108 112
108 113
108 114
108 120
108 122
108 123
108 124
108 126
108 136
109 14
109 17
109 18
109 20
109 22
109 23
109 25
109 30
109 31
109 36
109 42
109 43
109 50
109 55
109 60
109 61
109 67
109 74
109 75
109 82
109 88
109 89
109 94
109 99
109 106
109 107
109 113
109 118
109 119
109 124
109 126
109 127
109 129
109 131
109 132
109 135
110 15
110 24
110 26
110 33
110 34
110 35
110 47
110 57
110 68
110 73
110 76
110 81
110 92
110 102
110 114
110 115
110 116
110 123
110 125
110 134
111 16
111 17
111 20
111 23
111 24
111 25
111 30
111 34
111 36
111 38
111 39
111 45
111 47
111 48
111 50
111 62
111 64
111 68
111 69
111 70
111 72
111 77
111 79
111 80
111 81
111 85
111 87
111 99
111 101
111 102
111 104
111 110
111 111
111 113
111 115
111 119
111 124
111 125
111 126
111 129
111 132
111 133
112 22
112 24
112 28
112 43
112 44
112 45
112 46
112 49
112 52
112 54
112 57
112 58
112 61
112 62
112 64
112 68
112 69
112 80
112 81
112 85
112 87
112 88
112 91
112 92
112 95
112 97
112 100
112 103
112 104
112 105
112 106
112 121
112 125
112 127
113 19
113 22
113 25
113 32
113 35
113 47
113 48
113 52
113 60
113 62
113 63
113 69
113 72
113 73
113 76
113 77
113 80
113 86
113 87
113 89
113 97
113 101
113 102
113 114
113 117
113 124
113 127
113 130
114 17
114 20
114 21
114 22
114 27
114 31
114 34
114 41
114 45
114 51
114 55
114 57
114 58
114 59
114 65
114 66
114 67
114 70
114 71
114 73
114 74
114 75
114 76
114 78
114 79
114 82
114 83
114 84
114 90
114 91
114 92
114 94
114 98
114 104
114 108
114 115
114 118
114 122
114 127
114 128
114 129
114 132
115 18
115 21
115 23
115 24
115 25
115 27
115 28
115 29
115 31
115 40
115 41
115 45
115 55
115 56
115 59
115 60
115 61
115 64
115 65
115 66
115 67
115 70
115 71
115 72
115 77
115 78
115 79
115 82
115 83
115 84
115 85
115 88
115 89
115 90
115 93
115 94
115 104
115 108
115 109
115 118
115 120
115 121
115 122
115 124
115 125
115 126
115 128
115 131
116 19
116 22
116 24
116 25
116 26
116 29
116 31
116 32
116 36
116 38
116 41
116 42
116 47
116 48
116 51
116 52
116 55
116 56
116 57
116 60
116 65
116 66
116 67
116 70
116 71
116 72
116 74
116 75
116 77
116 78
116 79
116 82
116 83
116 84
116 89
116 92
116 93
116 94
116 97
116 98
116 101
116 102
116 107
116 108
116 111
116 113
116 117
116 118
116 120
116 123
116 124
116 125
116 127
116 130
117 20
117 23
117 25
117 26
117 27
117 28
117 30
117 33
117 36
117 37
117 38
117 40
117 41
117 42
117 43
117 50
117 51
117 52
117 53
117 58
117 59
117 60
117 63
117 71
117 78
117 86
117 89
117 90
117 91
117 96
117 97
117 98
117 99
117 106
117 107
117 108
117 109
117 111
117 112
117 113
117 116
117 119
117 121
117 122
117 123
117 124
117 126
117 129
118 21
118 24
118 26
118 28
118 29
118 31
118 32
118 33
118 39
118 40
118 51
118 52
118 61
118 63
118 64
118 67
118 69
118 72
118 73
118 74
118 75
118 76
118 77
118 80
118 82
118 85
118 86
118 88
118 97
118 98
118 109
118 110
118 116
118 117
118 118
118 120
118 121
118 123
118 125
118 128
119 22
119 25
119 27
119 28
119 29
119 32
119 34
119 41
119 46
119 49
119 55
119 56
119 66
119 67
119 70
119 79
119 82
119 83
119 93
119 94
119 100
119 103
119 108
119 115
119 117
119 120
119 121
119 122
119 124
119 127
120 23
120 26
120 28
120 29
120 30
120 31
120 41
120 42
120 43
120 45
120 47
120 48
120 53
120 55
120 57
120 92
120 94
120 96
120 101
120 102
120 104
120 106
120 107
120 108
120 118
120 119
120 120
120 121
120 123
120 126
121 24
121 27
121 28
121 29
121 31
121 32
121 33
121 36
121 38
121 39
121 40
121 42
121 43
121 46
121 49
121 50
121 51
121 53
121 54
121 57
121 58
121 63
121 64
121 67
121 71
121 72
121 73
121 74
121 75
121 76
121 77
121 78
121 82
121 85
121 86
121 91
121 92
121 95
121 96
121 98
121 99
121 100
121 103
121 106
121 107
121 109
121 110
121 111
121 113
121 116
121 117
121 118
121 120
121 121
121 122
121 125
122 25
122 30
122 32
122 39
122 40
122 41
122 42
122 44
122 45
122 48
122 52
122 59
122 60
122 66
122 68
122 73
122 74
122 75
122 76
122 81
122 83
122 89
122 90
122 97
122 101
122 104
122 105
122 107
122 108
122 109
122 110
122 117
122 119
122 124
123 26
123 29
123 31
123 34
123 35
123 36
123 39
123 45
123 47
123 50
123 53
123 58
123 60
123 73
123 74
123 75
123 76
123 89
123 91
123 96
123 99
123 102
123 104
123 110
123 113
123 114
123 115
123 118
123 120
123 123
124 27
124 31
124 33
124 35
124 36
124 39
124 45
124 51
124 52
124 59
124 61
124 88
124 90
124 97
124 98
124 104
124 110
124 113
124 114
124 116
124 118
124 122
125 28
125 31
125 34
125 39
125 40
125 44
125 45
125 48
125 57
125 58
125 59
125 61
125 66
125 69
125 70
125 73
125 76
125 79
125 80
125 83
125 88
125 90
125 91
125 92
125 101
125 104
125 105
125 109
125 110
125 115
125 118
125 121
126 29
126 34
126 36
126 39
126 44
126 47
126 54
126 67
126 68
126 69
126 70
126 72
126 77
126 79
126 80
126 81
126 82
126 95
126 102
126 105
126 110
126 113
126 115
126 120
127 32
127 36
127 43
127 50
127 51
127 62
127 63
127 66
127 67
127 68
127 71
127 78
127 81
127 82
127 83
127 86
127 87
127 98
127 99
127 106
127 113
127 117
128 33
128 37
128 38
128 40
128 42
128 44
128 45
128 50
128 59
128 66
128 70
128 79
128 83
128 90
128 99
128 104
128 105
128 107
128 109
128 111
128 112
128 116
129 34
129 39
129 40
129 41
129 42
129 44
129 56
129 60
129 65
129 69
129 80
129 84
129 89
129 93
129 105
129 107
129 108
129 109
129 110
129 115
130 35
130 39
130 40
130 48
130 50
130 53
130 64
130 68
130 81
130 85
130 96
130 99
130 101
130 109
130 110
130 114
131 36
131 39
131 41
131 42
131 43
131 44
131 45
131 46
131 47
131 50
131 51
131 53
131 55
131 57
131 64
131 65
131 67
131 82
131 84
131 85
131 92
131 94
131 96
131 98
131 99
131 102
131 103
131 104
131 105
131 106
131 107
131 108
131 110
131 113
132 52
132 53
132 56
132 57
132 59
132 61
132 62
132 63
132 64
132 65
132 84
132 85
132 86
132 87
132 88
132 90
132 92
132 93
132 96
132 97
133 59
133 60
133 89
133 90
