# step:3000000
25 61
25 62
25 63
25 64
25 85
25 86
25 87
25 88
26 61
26 62
26 63
26 64
26 85
26 86
26 87
26 88
29 45
29 46
29 61
29 62
29 87
29 88
29 103
29 104
30 45
30 46
30 60
30 62
30 87
30 89
30 103
30 104
31 59
31 62
31 65
31 66
31 83
31 84
31 87
31 90
32 48
32 49
32 59
32 63
32 64
32 66
32 83
32 85
32 86
32 90
32 100
32 101
33 48
33 49
33 60
33 65
33 69
33 70
33 79
33 80
33 84
33 89
33 100
33 101
34 48
34 49
34 61
34 64
34 69
34 70
34 79
34 80
34 85
34 88
34 100
34 101
35 48
35 49
35 62
35 63
35 67
35 68
35 81
35 82
35 86
35 87
35 100
35 101
36 60
36 61
36 62
36 63
36 67
36 68
36 81
36 82
36 86
36 87
36 88
36 89
37 37
37 38
37 45
37 46
37 53
37 54
37 59
37 63
37 86
37 90
37 95
37 96
37 103
37 104
37 111
37 112
38 37
38 39
38 45
38 47
38 53
38 54
38 59
38 62
38 87
38 90
38 95
38 96
38 102
38 104
38 110
38 112
39 33
39 34
39 38
39 39
39 46
39 47
39 60
39 61
39 88
39 89
39 102
39 103
39 110
39 111
39 115
39 116
40 32
40 34
40 115
40 117
41 32
41 34
41 39
41 40
41 61
41 62
41 87
41 88
41 109
41 110
41 115
41 117
42 33
42 34
42 39
42 40
42 61
42 62
42 87
42 88
42 109
42 110
42 115
42 116
43 25
43 26
43 31
43 32
43 65
43 66
43 83
43 84
43 117
43 118
43 123
43 124
44 25
44 26
44 28
44 29
44 31
44 32
44 36
44 37
44 44
44 45
44 65
44 67
44 82
44 84
44 104
44 105
44 112
44 113
44 117
44 118
44 120
44 121
44 123
44 124
45 25
45 26
45 28
45 29
45 36
45 37
45 44
45 45
45 65
45 68
45 81
45 84
45 104
45 105
45 112
45 113
45 120
45 121
45 123
45 124
46 22
46 23
46 24
46 26
46 58
46 59
46 64
46 69
46 80
46 85
46 90
46 91
46 123
46 125
46 126
46 127
47 22
47 25
47 58
47 59
47 64
47 69
47 80
47 85
47 90
47 91
47 124
47 127
48 20
48 21
48 23
48 24
48 44
48 45
48 54
48 55
48 62
48 63
48 64
48 68
48 81
48 85
48 86
48 87
48 94
48 95
48 104
48 105
48 125
48 126
48 128
48 129
49 19
49 21
49 44
49 45
49 54
49 55
49 62
49 63
49 64
49 68
49 71
49 72
49 77
49 78
49 81
49 85
49 86
49 87
49 94
49 95
49 104
49 105
49 128
49 130
50 18
50 20
50 64
50 66
50 67
50 69
50 70
50 72
50 77
50 79
50 80
50 82
50 83
50 85
50 129
50 131
51 18
51 19
51 25
51 26
51 63
51 66
51 67
51 69
51 70
51 71
51 78
51 79
51 80
51 82
51 83
51 86
51 123
51 124
51 130
51 131
52 25
52 26
52 62
52 64
52 65
52 69
52 80
52 84
52 85
52 87
52 123
52 124
53 59
53 60
53 61
53 64
53 65
53 70
53 71
53 72
53 77
53 78
53 79
53 84
53 85
53 88
53 89
53 90
54 42
54 43
54 59
54 72
54 77
54 90
54 106
54 107
55 42
55 44
55 45
55 46
55 60
55 61
55 62
55 69
55 70
55 71
55 78
55 79
55 80
55 87
55 88
55 89
55 103
55 104
55 105
55 107
56 43
56 44
56 45
56 46
56 54
56 55
56 62
56 68
56 81
56 87
56 94
56 95
56 103
56 104
56 105
56 106
57 51
57 52
57 53
57 56
57 61
57 67
57 82
57 88
57 93
57 96
57 97
57 98
58 51
58 56
58 60
58 66
58 83
58 89
58 93
58 98
59 45
59 46
59 51
59 53
59 54
59 56
59 60
59 66
59 83
59 89
59 93
59 95
59 96
59 98
59 103
59 104
60 14
60 15
60 45
60 46
60 51
60 52
60 55
60 56
60 60
60 62
60 63
60 67
60 82
60 86
60 87
60 89
60 93
60 94
60 97
60 98
60 103
60 104
60 134
60 135
61 14
61 15
61 55
61 56
61 60
61 61
61 63
61 67
61 69
61 70
61 79
61 80
61 82
61 86
61 88
61 89
61 93
61 94
61 134
61 135
62 14
62 15
62 30
62 31
62 54
62 57
62 62
62 66
62 69
62 70
62 79
62 80
62 83
62 87
62 92
62 95
62 118
62 119
62 134
62 135
63 14
63 15
63 30
63 32
63 53
63 57
63 61
63 65
63 84
63 88
63 92
63 96
63 117
63 119
63 134
63 135
64 30
64 33
64 50
64 51
64 53
64 56
64 61
64 65
64 68
64 69
64 80
64 81
64 84
64 88
64 93
64 96
64 98
64 99
64 116
64 119
65 29
65 31
65 32
65 33
65 50
65 51
65 53
65 56
65 59
65 60
65 62
65 65
65 67
65 70
65 71
65 72
65 77
65 78
65 79
65 82
65 84
65 87
65 89
65 90
65 93
65 96
65 98
65 99
65 116
65 117
65 118
65 120
66 28
66 30
66 42
66 43
66 53
66 56
66 58
66 60
66 63
66 65
66 67
66 68
66 69
66 70
66 71
66 72
66 77
66 78
66 79
66 80
66 81
66 82
66 84
66 86
66 89
66 91
66 93
66 96
66 106
66 107
66 119
66 121
67 28
67 29
67 42
67 43
67 45
67 46
67 51
67 52
67 54
67 56
67 58
67 60
67 64
67 65
67 84
67 85
67 89
67 91
67 93
67 95
67 97
67 98
67 103
67 104
67 106
67 107
67 120
67 121
68 30
68 31
68 45
68 47
68 50
68 53
68 54
68 56
68 59
68 61
68 88
68 90
68 93
68 95
68 96
68 99
68 102
68 104
68 118
68 119
69 30
69 31
69 39
69 40
69 45
69 47
69 49
69 55
69 60
69 61
69 88
69 89
69 94
69 100
69 102
69 104
69 109
69 110
69 118
69 119
70 39
70 40
70 45
70 46
70 49
70 50
70 51
70 54
70 72
70 73
70 76
70 77
70 95
70 98
70 99
70 100
70 103
70 104
70 109
70 110
71 15
71 16
71 17
71 18
71 52
71 53
71 72
71 73
71 76
71 77
71 96
71 97
71 131
71 132
71 133
71 134
72 14
72 18
72 30
72 31
72 44
72 45
72 54
72 55
72 56
72 57
72 92
72 93
72 94
72 95
72 104
72 105
72 118
72 119
72 131
72 135
73 14
73 15
73 16
73 17
73 30
73 31
73 43
73 45
73 54
73 57
73 92
73 95
73 104
73 106
73 118
73 119
73 132
73 133
73 134
73 135
74 10
74 11
74 42
74 45
74 55
74 57
74 92
74 94
74 104
74 107
74 138
74 139
75 10
75 11
75 42
75 46
75 55
75 58
75 91
75 94
75 103
75 107
75 138
75 139
76 42
76 46
76 55
76 59
76 64
76 65
76 84
76 85
76 90
76 94
76 103
76 107
77 41
77 45
77 55
77 59
77 64
77 65
77 84
77 85
77 90
77 94
77 104
77 108
78 28
78 29
78 41
78 44
78 55
78 56
78 57
78 58
78 91
78 92
78 93
78 94
78 105
78 108
78 120
78 121
79 28
79 29
79 37
79 38
79 39
79 40
79 42
79 43
79 53
79 54
79 95
79 96
79 106
79 107
79 109
79 110
79 111
79 112
79 120
79 121
80 8
80 9
80 36
80 40
80 53
80 54
80 95
80 96
80 109
80 113
80 140
80 141
81 7
81 10
81 31
81 32
81 35
81 39
81 110
81 114
81 117
81 118
81 139
81 142
82 7
82 10
82 31
82 32
82 35
82 36
82 37
82 38
82 58
82 59
82 90
82 91
82 111
82 112
82 113
82 114
82 117
82 118
82 139
82 142
83 7
83 9
83 25
83 26
83 58
83 59
83 65
83 66
83 69
83 70
83 73
83 74
83 75
83 76
83 79
83 80
83 83
83 84
83 90
83 91
83 123
83 124
83 140
83 142
84 7
84 8
84 20
84 21
84 25
84 26
84 65
84 67
84 69
84 71
84 73
84 74
84 75
84 76
84 78
84 80
84 82
84 84
84 123
84 124
84 128
84 129
84 141
84 142
85 20
85 21
85 66
85 67
85 70
85 71
85 73
85 74
85 75
85 76
85 78
85 79
85 82
85 83
85 128
85 129
86 42
86 43
86 44
86 45
86 73
86 74
86 75
86 76
86 104
86 105
86 106
86 107
87 42
87 43
87 44
87 45
87 59
87 60
87 89
87 90
87 104
87 105
87 106
87 107
88 18
88 19
88 58
88 60
88 89
88 91
88 130
88 131
89 18
89 19
89 29
89 30
89 58
89 60
89 89
89 91
89 119
89 120
89 130
89 131
90 16
90 17
90 29
90 30
90 59
90 60
90 66
90 67
90 82
90 83
90 89
90 90
90 119
90 120
90 132
90 133
91 16
91 17
91 59
91 60
91 61
91 62
91 65
91 68
91 81
91 84
91 87
91 88
91 89
91 90
91 132
91 133
92 40
92 41
92 59
92 62
92 65
92 66
92 67
92 69
92 80
92 82
92 83
92 84
92 87
92 90
92 108
92 109
93 9
93 10
93 19
93 20
93 40
93 41
93 60
93 61
93 68
93 69
93 80
93 81
93 88
93 89
93 108
93 109
93 129
93 130
93 139
93 140
94 9
94 10
94 18
94 20
94 129
94 131
94 139
94 140
95 18
95 20
95 41
95 42
95 45
95 46
95 47
95 48
95 71
95 72
95 77
95 78
95 101
95 102
95 103
95 104
95 107
95 108
95 129
95 131
96 19
96 20
96 28
96 29
96 32
96 33
96 41
96 43
96 45
96 48
96 71
96 73
96 76
96 78
96 101
96 104
96 106
96 108
96 116
96 117
96 120
96 121
96 129
96 130
97 27
97 30
97 32
97 34
97 42
97 44
97 46
97 47
97 67
97 68
97 72
97 73
97 76
97 77
97 81
97 82
97 102
97 103
97 105
97 107
97 115
97 117
97 119
97 122
98 24
98 25
98 27
98 28
98 29
98 30
98 33
98 35
98 42
98 44
98 66
98 69
98 72
98 73
98 76
98 77
98 80
98 83
98 105
98 107
98 114
98 116
98 119
98 120
98 121
98 122
98 124
98 125
99 24
99 25
99 27
99 28
99 34
99 36
99 41
99 43
99 59
99 60
99 66
99 70
99 71
99 73
99 76
99 78
99 79
99 83
99 89
99 90
99 106
99 108
99 113
99 115
99 121
99 122
99 124
99 125
100 27
100 28
100 30
100 31
100 32
100 33
100 35
100 36
100 40
100 43
100 44
100 45
100 50
100 51
100 59
100 61
100 67
100 72
100 77
100 82
100 88
100 90
100 98
100 99
100 104
100 105
100 106
100 109
100 113
100 114
100 116
100 117
100 118
100 119
100 121
100 122
101 19
101 20
101 29
101 34
101 35
101 36
101 39
101 43
101 44
101 45
101 50
101 51
101 60
101 61
101 68
101 71
101 78
101 81
101 88
101 89
101 98
101 99
101 104
101 105
101 106
101 110
101 113
101 114
101 115
101 120
101 129
101 130
102 19
102 20
102 29
102 37
102 38
102 42
102 69
102 70
102 79
102 80
102 107
102 111
102 112
102 120
102 129
102 130
103 29
103 37
103 38
103 42
103 107
103 111
103 112
103 120
104 29
104 34
104 35
104 36
104 38
104 42
104 107
104 111
104 113
104 114
104 115
104 120
105 29
105 34
105 38
105 39
105 40
105 41
105 108
105 109
105 110
105 111
105 115
105 120
106 28
106 35
106 38
106 39
106 42
106 43
106 66
106 67
106 72
106 73
106 76
106 77
106 82
106 83
106 106
106 107
106 110
106 111
106 114
106 121
107 28
107 31
107 32
107 36
107 37
107 40
107 42
107 43
107 53
107 54
107 66
107 68
107 72
107 74
107 75
107 77
107 81
107 83
107 95
107 96
107 106
107 107
107 109
107 112
107 113
107 117
107 118
107 121
108 28
108 31
108 32
108 41
108 53
108 54
108 67
108 68
108 72
108 74
108 75
108 77
108 81
108 82
108 95
108 96
108 108
108 117
108 118
108 121
109 28
109 41
109 72
109 73
109 76
109 77
109 108
109 121
110 28
110 30
110 31
110 41
110 42
110 43
110 58
110 59
110 90
110 91
110 106
110 107
110 108
110 118
110 119
110 121
111 28
111 29
111 32
111 41
111 42
111 43
111 58
111 59
111 90
111 91
111 106
111 107
111 108
111 117
111 120
111 121
112 26
112 27
112 33
112 41
112 108
112 116
112 122
112 123
113 23
113 24
113 26
113 27
113 29
113 30
113 34
113 37
113 38
113 41
113 43
113 44
113 53
113 54
113 95
113 96
113 105
113 106
113 108
113 111
113 112
113 115
113 119
113 120
113 122
113 123
113 125
113 126
114 23
114 24
114 29
114 30
114 35
114 36
114 39
114 40
114 43
114 44
114 48
114 49
114 52
114 54
114 95
114 97
114 100
114 101
114 105
114 106
114 109
114 110
114 113
114 114
114 119
114 120
114 125
114 126
115 33
115 34
115 48
115 49
115 52
115 54
115 95
115 97
115 100
115 101
115 115
115 116
116 33
116 35
116 53
116 54
116 62
116 63
116 86
116 87
116 95
116 96
116 114
116 116
117 34
117 35
117 45
117 46
117 62
117 64
117 65
117 66
117 83
117 84
117 85
117 87
117 103
117 104
117 114
117 115
118 34
118 35
118 45
118 46
118 58
118 59
118 62
118 66
118 83
118 87
118 90
118 91
118 103
118 104
118 114
118 115
119 33
119 35
119 58
119 60
119 61
119 63
119 64
119 65
119 71
119 72
119 73
119 74
119 75
119 76
119 77
119 78
119 84
119 85
119 86
119 88
119 89
119 91
119 114
119 116
120 33
120 34
120 59
120 60
120 61
120 62
120 66
120 67
120 71
120 72
120 73
120 74
120 75
120 76
120 77
120 78
120 82
120 83
120 87
120 88
120 89
120 90
120 115
120 116
121 65
121 68
121 81
121 84
122 28
122 29
122 65
122 69
122 80
122 84
122 120
122 121
123 28
123 30
123 41
123 42
123 55
123 56
123 66
123 70
123 79
123 83
123 93
123 94
123 107
123 108
123 119
123 121
124 29
124 30
124 41
124 42
124 54
124 56
124 67
124 68
124 69
124 70
124 79
124 80
124 81
124 82
124 93
124 95
124 107
124 108
124 119
124 120
125 54
125 55
125 94
125 95
126 48
126 49
126 50
126 51
126 60
126 61
126 88
126 89
126 98
126 99
126 100
126 101
127 47
127 52
127 55
127 56
127 60
127 61
127 88
127 89
127 93
127 94
127 97
127 102
128 46
128 48
128 49
128 53
128 55
128 56
128 64
128 65
128 84
128 85
128 93
128 94
128 96
128 100
128 101
128 103
129 46
129 47
129 50
129 53
129 64
129 66
129 83
129 85
129 96
129 99
129 102
129 103
130 51
130 52
130 65
130 66
130 83
130 84
130 97
130 98
