# step:130000
1 1
1 2
1 3
1 4
1 5
1 6
1 7
1 8
1 9
1 10
1 11
1 12
1 13
1 14
1 15
1 16
1 17
1 18
1 19
1 20
1 21
1 22
1 23
1 24
1 25
1 26
1 27
1 28
1 29
1 30
1 31
1 32
1 33
1 34
1 35
1 36
1 37
1 38
1 39
1 40
1 41
1 42
1 43
1 44
1 45
1 46
1 47
1 48
1 49
1 50
1 51
1 52
1 53
1 54
1 55
1 56
1 57
1 58
1 59
1 60
1 61
1 62
1 63
1 64
1 65
1 66
1 67
1 68
1 69
1 70
1 71
1 72
1 73
1 74
1 75
1 76
1 77
1 78
1 79
1 80
1 81
1 82
1 83
1 84
1 85
1 86
1 87
1 88
1 89
1 90
1 91
1 92
1 93
1 94
1 95
1 96
1 97
1 98
1 99
1 100
1 101
1 102
1 103
1 104
1 105
1 106
1 107
1 108
1 109
1 110
1 111
1 112
1 113
1 114
1 115
1 116
1 117
1 118
1 119
1 120
1 121
1 122
1 123
1 124
1 125
1 126
1 127
1 128
1 129
1 130
1 131
1 132
1 133
1 134
1 135
1 136
1 137
1 138
1 139
1 140
1 141
1 142
1 143
1 144
1 145
1 146
1 147
1 148
1 149
1 150
2 1
2 148
2 149
2 150
3 1
3 148
3 149
3 150
4 1
4 150
5 1
5 150
6 1
6 150
7 1
7 150
8 1
8 150
9 1
9 150
10 1
10 150
11 1
11 150
12 1
12 150
13 1
13 150
14 1
14 150
15 1
15 150
16 1
16 95
16 99
16 101
16 102
16 150
17 1
17 150
18 1
18 97
18 103
18 106
18 150
19 1
19 100
19 105
19 106
19 150
20 1
20 101
20 103
20 150
21 1
21 98
21 150
22 1
22 103
22 105
22 150
23 1
23 102
23 150
24 1
24 150
25 1
25 105
25 150
26 1
26 92
26 105
26 150
27 1
27 150
28 1
28 63
28 67
28 69
28 70
28 96
28 150
29 1
29 92
29 150
30 1
30 65
30 71
30 74
30 92
30 94
30 150
31 1
31 68
31 73
31 74
31 99
31 150
32 1
32 42
32 69
32 71
32 91
32 150
33 1
33 66
33 90
33 99
33 150
34 1
34 71
34 73
34 89
34 100
34 150
35 1
35 44
35 49
35 50
35 52
35 70
35 88
35 101
35 150
36 1
36 42
36 87
36 102
36 150
37 1
37 73
37 86
37 103
37 150
38 1
38 48
38 60
38 73
38 85
38 104
38 150
39 1
39 42
39 84
39 105
39 150
40 1
40 46
40 47
40 48
40 64
40 83
40 106
40 150
41 1
41 45
41 50
41 60
41 82
41 150
42 1
42 41
42 47
42 60
42 62
42 81
42 150
43 1
43 40
43 42
43 43
43 46
43 56
43 67
43 80
43 107
43 150
44 1
44 39
44 59
44 79
44 110
44 150
45 1
45 38
45 49
45 58
45 78
45 111
45 150
46 1
46 38
46 56
46 77
46 112
46 150
47 1
47 56
47 58
47 68
47 70
47 113
47 150
48 1
48 47
48 70
48 77
48 114
48 150
49 1
49 44
49 55
49 68
49 73
49 115
49 150
50 1
50 43
50 60
50 67
50 72
50 76
50 116
50 150
51 1
51 43
51 61
51 67
51 76
51 117
51 150
52 1
52 62
52 118
52 150
53 1
53 59
53 61
53 63
53 68
53 69
53 70
53 119
53 150
54 1
54 61
54 63
54 68
54 120
54 150
55 1
55 59
55 64
55 121
55 150
56 1
56 69
56 72
56 76
56 122
56 150
57 1
57 74
57 123
57 150
58 1
58 78
58 125
58 126
58 129
58 150
59 1
59 57
59 65
59 72
59 75
59 76
59 77
59 150
60 1
60 58
60 80
60 125
60 150
61 1
61 63
61 64
61 69
61 81
61 82
61 139
61 150
62 1
62 62
62 70
62 73
62 127
62 150
63 1
63 73
63 84
63 87
63 137
63 150
64 1
64 71
64 134
64 150
65 1
65 62
65 65
65 68
65 70
65 77
65 79
65 93
65 122
65 124
65 139
65 150
66 1
66 61
66 63
66 87
66 121
66 136
66 150
67 1
67 59
67 76
67 77
67 87
67 89
67 120
67 135
67 139
67 150
68 1
68 81
68 86
68 93
68 98
68 119
68 132
68 139
68 150
69 1
69 69
69 77
69 84
69 95
69 98
69 118
69 133
69 135
69 137
69 150
70 1
70 63
70 74
70 77
70 89
70 117
70 150
71 1
71 60
71 69
71 73
71 89
71 116
71 129
71 130
71 133
71 136
71 150
72 1
72 59
72 64
72 98
72 115
72 136
72 137
72 150
73 1
73 48
73 49
73 68
73 71
73 88
73 89
73 114
73 150
74 1
74 52
74 73
74 74
74 78
74 88
74 89
74 113
74 150
75 1
75 54
75 64
75 82
75 93
75 112
75 150
76 1
76 34
76 56
76 80
76 87
76 96
76 101
76 111
76 150
77 1
77 34
77 46
77 58
77 96
77 110
77 150
78 1
78 33
78 45
78 49
78 50
78 53
78 56
78 58
78 70
78 73
78 76
78 84
78 109
78 150
79 1
79 32
79 44
79 48
79 65
79 69
79 70
79 84
79 102
79 107
79 150
80 1
80 31
80 43
80 47
80 75
80 81
80 85
80 150
81 1
81 30
81 42
81 46
81 50
81 51
81 57
81 69
81 72
81 80
81 150
82 1
82 29
82 41
82 45
82 58
82 66
82 67
82 70
82 71
82 76
82 86
82 107
82 150
83 1
83 28
83 40
83 44
83 74
83 75
83 150
84 1
84 27
84 39
84 43
84 72
84 88
84 150
85 1
85 26
85 38
85 42
85 70
85 73
85 95
85 96
85 97
85 98
85 107
85 108
85 150
86 1
86 25
86 37
86 41
86 68
86 77
86 80
86 85
86 150
87 1
87 24
87 36
87 40
87 99
87 150
88 1
88 23
88 35
88 39
88 68
88 81
88 82
88 86
88 99
88 103
88 150
89 1
89 6
89 7
89 22
89 34
89 38
89 65
89 84
89 110
89 150
90 1
90 7
90 21
90 33
90 37
90 68
90 101
90 105
90 110
90 150
91 1
91 20
91 32
91 36
91 105
91 107
91 110
91 150
92 1
92 31
92 35
92 76
92 82
92 88
92 110
92 150
93 1
93 30
93 34
93 77
93 78
93 96
93 150
94 1
94 16
94 19
94 29
94 33
94 86
94 103
94 104
94 105
94 107
94 150
95 1
95 5
95 18
95 28
95 32
95 82
95 98
95 99
95 109
95 150
96 1
96 6
96 27
96 31
96 79
96 82
96 90
96 107
96 150
97 1
97 16
97 17
97 26
97 30
97 81
97 94
97 107
97 150
98 1
98 23
98 25
98 29
98 79
98 88
98 100
98 109
98 110
98 113
98 114
98 117
98 150
99 1
99 22
99 24
99 28
99 78
99 89
99 99
99 150
100 1
100 4
100 7
100 21
100 23
100 27
100 77
100 83
100 109
100 112
100 113
100 150
101 1
101 3
101 18
101 20
101 22
101 26
101 76
101 86
101 87
101 96
101 99
101 127
101 150
102 1
102 15
102 21
102 25
102 75
102 94
102 96
102 115
102 150
103 1
103 16
103 21
103 24
103 74
103 82
103 94
103 113
103 125
103 150
104 1
104 14
104 73
104 88
104 122
104 150
105 1
105 19
105 72
105 96
105 101
105 102
105 112
105 127
105 150
106 1
106 71
106 95
106 124
106 150
107 1
107 12
107 70
107 94
107 108
107 112
107 113
107 123
107 127
107 150
108 1
108 24
108 69
108 87
108 88
108 89
108 93
108 107
108 110
108 120
108 127
108 150
109 1
109 25
109 68
109 85
109 92
109 106
109 121
109 123
109 125
109 150
110 1
110 26
110 67
110 91
110 105
110 150
111 1
111 27
111 66
111 89
111 104
111 117
111 118
111 121
111 124
111 150
112 1
112 28
112 65
112 88
112 91
112 103
112 124
112 125
112 150
113 1
113 29
113 64
113 82
113 102
113 150
114 1
114 30
114 63
114 82
114 101
114 150
115 1
115 31
115 62
115 100
115 150
116 1
116 32
116 61
116 92
116 150
117 1
117 35
117 60
117 97
117 99
117 150
118 1
118 59
118 99
118 150
119 1
119 58
119 95
119 150
120 1
120 36
120 57
120 150
121 1
121 37
121 56
121 86
121 99
121 150
122 1
122 38
122 55
122 86
122 150
123 1
123 39
123 54
123 150
124 1
124 40
124 53
124 89
124 150
125 1
125 41
125 52
125 86
125 88
125 150
126 1
126 42
126 51
126 93
126 150
127 1
127 50
127 88
127 90
127 150
128 1
128 42
128 85
128 86
128 91
128 150
129 1
129 47
129 49
129 85
129 88
129 94
129 150
130 1
130 49
130 150
131 1
131 45
131 89
131 90
131 92
131 96
131 150
132 1
132 150
133 1
133 36
133 49
133 150
134 1
134 36
134 150
135 1
135 150
136 1
136 39
136 150
137 1
137 36
137 38
137 150
138 1
138 43
138 150
139 1
139 38
139 40
139 150
140 1
140 35
140 36
140 41
140 150
141 1
141 35
141 38
141 44
141 150
142 1
142 150
143 1
143 39
143 40
143 42
143 46
143 150
144 1
144 150
145 1
145 150
146 1
146 150
147 1
147 150
148 1
148 2
148 3
148 150
149 1
149 2
149 3
149 150
150 1
150 2
150 3
150 4
150 5
150 6
150 7
150 8
150 9
150 10
150 11
150 12
150 13
150 14
150 15
150 16
150 17
150 18
150 19
150 20
150 21
150 22
150 23
150 24
150 25
150 26
150 27
150 28
150 29
150 30
150 31
150 32
150 33
150 34
150 35
150 36
150 37
150 38
150 39
150 40
150 41
150 42
150 43
150 44
150 45
150 46
150 47
150 48
150 49
150 50
150 51
150 52
150 53
150 54
150 55
150 56
150 57
150 58
150 59
150 60
150 61
150 62
150 63
150 64
150 65
150 66
150 67
150 68
150 69
150 70
150 71
150 72
150 73
150 74
150 75
150 76
150 77
150 78
150 79
150 80
150 81
150 82
150 83
150 84
150 85
150 86
150 87
150 88
150 89
150 90
150 91
150 92
150 93
150 94
150 95
150 96
150 97
150 98
150 99
150 100
150 101
150 102
150 103
150 104
150 105
150 106
150 107
150 108
150 109
150 110
150 111
150 112
150 113
150 114
150 115
150 116
150 117
150 118
150 119
150 120
150 121
150 122
150 123
150 124
150 125
150 126
150 127
150 128
150 129
150 130
150 131
150 132
150 133
150 134
150 135
150 136
150 137
150 138
150 139
150 140
150 141
150 142
150 143
150 144
150 145
150 146
150 147
150 148
150 149
150 150
