# step:130000
2 2
2 3
2 4
2 5
2 6
2 7
2 8
2 9
2 10
2 11
2 12
2 13
2 14
2 15
2 16
2 17
2 18
2 19
2 20
2 21
2 22
2 23
2 24
2 25
2 26
2 27
2 28
2 29
2 30
2 31
2 32
2 33
2 34
2 35
2 36
2 37
2 38
2 39
2 40
2 41
2 42
2 43
2 44
2 45
2 46
2 47
2 48
2 49
2 50
2 51
2 52
2 53
2 54
2 55
2 56
2 57
2 58
2 59
2 60
2 61
2 62
2 63
2 64
2 65
2 66
2 67
2 68
2 69
2 70
2 71
2 72
2 73
2 74
2 75
2 76
2 77
2 78
2 79
2 80
2 81
2 82
2 83
2 84
2 85
2 86
2 87
2 88
2 89
2 90
2 91
2 92
2 93
2 94
2 95
2 96
2 97
2 98
2 99
2 100
2 101
2 102
2 103
2 104
2 105
2 106
2 107
2 108
2 109
2 110
2 111
2 112
2 113
2 114
2 115
2 116
2 117
2 118
2 119
2 120
2 121
2 122
2 123
2 124
2 125
2 126
2 127
2 128
2 129
2 130
2 131
2 132
2 133
2 134
2 135
2 136
2 137
2 138
2 139
2 140
2 141
2 142
2 143
2 144
2 145
2 146
2 147
3 2
3 147
4 2
4 147
4 148
4 149
5 2
5 146
5 149
6 2
6 145
6 149
7 2
7 144
7 149
8 2
8 143
8 149
9 2
9 142
9 149
10 2
10 141
10 149
11 2
11 140
11 149
12 2
12 139
12 149
13 2
13 138
13 149
14 2
14 137
14 149
15 2
15 95
15 136
15 149
16 2
16 135
16 149
17 2
17 134
17 149
18 2
18 133
18 149
19 2
19 132
19 149
20 2
20 95
20 102
20 131
20 149
21 2
21 99
21 130
21 149
22 2
22 95
22 129
22 149
23 2
23 95
23 128
23 149
24 2
24 99
24 127
24 149
25 2
25 93
25 103
25 126
25 149
26 2
26 125
26 149
27 2
27 63
27 92
27 100
27 124
27 149
28 2
28 98
28 99
28 123
28 149
29 2
29 122
29 149
30 2
30 95
30 98
30 121
30 149
31 2
31 41
31 96
31 120
31 149
32 2
32 63
32 70
32 97
32 99
32 119
32 149
33 2
33 49
33 67
33 118
33 149
34 2
34 44
34 48
34 49
34 51
34 63
34 117
34 149
35 2
35 48
35 63
35 116
35 149
36 2
36 67
36 115
36 149
37 2
37 45
37 48
37 61
37 71
37 114
37 149
38 2
38 45
38 52
38 53
38 113
38 149
39 2
39 50
39 51
39 55
39 60
39 68
39 112
39 149
40 2
40 42
40 52
40 55
40 66
40 67
40 111
40 149
41 2
41 44
41 48
41 52
41 54
41 107
41 149
42 2
42 44
42 51
42 54
42 63
42 66
42 149
43 2
43 53
43 55
43 64
43 149
44 2
44 42
44 65
44 67
44 149
45 2
45 45
45 106
45 149
46 2
46 46
46 105
46 149
47 2
47 49
47 54
47 55
47 71
47 73
47 104
47 149
48 2
48 73
48 75
48 103
48 149
49 2
49 53
49 71
49 102
49 149
50 2
50 75
50 80
50 101
50 149
51 2
51 73
51 74
51 100
51 149
52 2
52 68
52 69
52 99
52 149
53 2
53 75
53 98
53 149
54 2
54 71
54 97
54 149
55 2
55 60
55 79
55 80
55 96
55 149
56 2
56 59
56 60
56 66
56 77
56 95
56 149
57 2
57 56
57 58
57 60
57 67
57 70
57 75
57 94
57 149
58 2
58 58
58 61
58 65
58 93
58 128
58 149
59 2
59 92
59 130
59 149
60 2
60 91
60 149
61 2
61 62
61 67
61 71
61 90
61 125
61 132
61 133
61 135
61 140
61 149
62 2
62 89
62 124
62 149
63 2
63 77
63 123
63 149
64 2
64 63
64 68
64 72
64 85
64 125
64 127
64 149
65 2
65 66
65 67
65 72
65 74
65 83
65 123
65 127
65 131
65 134
65 149
66 2
66 67
66 68
66 74
66 78
66 90
66 128
66 149
67 2
67 64
67 65
67 70
67 79
67 81
67 84
67 97
67 149
68 2
68 68
68 83
68 89
68 135
68 149
69 2
69 89
69 94
69 130
69 149
70 2
70 62
70 69
70 82
70 87
70 88
70 90
70 149
71 2
71 77
71 88
71 90
71 149
72 2
72 63
72 65
72 66
72 74
72 149
73 2
73 64
73 65
73 66
73 72
73 93
73 149
74 2
74 72
74 84
74 93
74 97
74 149
75 2
75 74
75 76
75 79
75 80
75 86
75 98
75 100
75 149
76 2
76 64
76 84
76 98
76 99
76 149
77 2
77 65
77 75
77 78
77 80
77 149
78 2
78 68
78 74
78 79
78 83
78 100
78 101
78 149
79 2
79 67
79 109
79 149
80 2
80 55
80 56
80 74
80 87
80 100
80 103
80 105
80 149
81 2
81 79
81 149
82 2
82 62
82 63
82 68
82 81
82 100
82 149
83 2
83 70
83 100
83 104
83 110
83 149
84 2
84 74
84 106
84 110
84 149
85 2
85 78
85 81
85 84
85 100
85 102
85 104
85 149
86 2
86 63
86 64
86 79
86 94
86 100
86 101
86 104
86 149
87 2
87 77
87 94
87 98
87 149
88 2
88 63
88 65
88 70
88 87
88 94
88 98
88 106
88 107
88 108
88 109
88 149
89 2
89 62
89 86
89 94
89 96
89 97
89 149
90 2
90 61
90 70
90 71
90 93
90 96
90 106
90 149
91 2
91 7
91 11
91 12
91 60
91 74
91 91
91 93
91 94
91 149
92 2
92 14
92 19
92 59
92 95
92 149
93 2
93 58
93 81
93 90
93 94
93 108
93 149
94 2
94 8
94 13
94 14
94 57
94 78
94 89
94 94
94 149
95 2
95 14
95 17
95 56
95 86
95 89
95 107
95 149
96 2
96 10
96 55
96 91
96 100
96 101
96 149
97 2
97 8
97 12
97 19
97 22
97 54
97 84
97 98
97 102
97 149
98 2
98 6
98 7
98 10
98 15
98 17
98 20
98 53
98 98
98 111
98 116
98 149
99 2
99 9
99 52
99 87
99 102
99 107
99 118
99 149
100 2
100 16
100 51
100 99
100 149
101 16
101 50
101 102
101 120
101 121
101 123
101 128
101 149
102 19
102 49
102 102
102 110
102 149
103 2
103 15
103 48
103 89
103 99
103 149
104 2
104 18
104 47
104 86
104 100
104 115
104 149
105 2
105 20
105 23
105 46
105 110
105 115
105 119
105 122
105 149
106 2
106 23
106 45
106 111
106 116
106 149
107 2
107 44
107 82
107 149
108 2
108 13
108 16
108 17
108 18
108 19
108 20
108 43
108 123
108 149
109 2
109 42
109 118
109 149
110 2
110 41
110 84
110 88
110 149
111 2
111 40
111 149
112 2
112 39
112 89
112 149
113 2
113 38
113 149
114 2
114 37
114 87
114 88
114 149
115 2
115 36
115 92
115 94
115 149
116 2
116 95
116 149
117 2
117 93
117 96
117 149
118 2
118 149
119 2
119 35
119 92
119 93
119 149
120 2
120 31
120 91
120 99
120 149
121 2
121 30
121 149
122 2
122 29
122 88
122 98
122 149
123 2
123 28
123 92
123 149
124 2
124 27
124 96
124 149
125 2
125 26
125 96
125 149
126 2
126 25
126 92
126 149
127 2
127 24
127 42
127 44
127 89
127 96
127 149
128 2
128 23
128 45
128 149
129 2
129 22
129 43
129 46
129 149
130 2
130 21
130 149
131 2
131 20
131 42
131 43
131 149
132 2
132 19
132 41
132 49
132 96
132 149
133 2
133 18
133 149
134 2
134 17
134 38
134 48
134 149
135 2
135 16
135 42
135 149
136 2
136 15
136 46
136 149
137 2
137 14
137 46
137 149
138 2
138 13
138 42
138 149
139 2
139 12
139 39
139 46
139 149
140 2
140 11
140 149
141 2
141 10
141 149
142 2
142 9
142 149
143 2
143 8
143 149
144 2
144 7
144 46
144 149
145 2
145 6
145 149
146 2
146 5
146 149
147 2
147 3
147 4
147 149
148 4
148 149
149 4
149 5
149 6
149 7
149 8
149 9
149 10
149 11
149 12
149 13
149 14
149 15
149 16
149 17
149 18
149 19
149 20
149 21
149 22
149 23
149 24
149 25
149 26
149 27
149 28
149 29
149 30
149 31
149 32
149 33
149 34
149 35
149 36
149 37
149 38
149 39
149 40
149 41
149 42
149 43
149 44
149 45
149 46
149 47
149 48
149 49
149 50
149 51
149 52
149 53
149 54
149 55
149 56
149 57
149 58
149 59
149 60
149 61
149 62
149 63
149 64
149 65
149 66
149 67
149 68
149 69
149 70
149 71
149 72
149 73
149 74
149 75
149 76
149 77
149 78
149 79
149 80
149 81
149 82
149 83
149 84
149 85
149 86
149 87
149 88
149 89
149 90
149 91
149 92
149 93
149 94
149 95
149 96
149 97
149 98
149 99
149 100
149 101
149 102
149 103
149 104
149 105
149 106
149 107
149 108
149 109
149 110
149 111
149 112
149 113
149 114
149 115
149 116
149 117
149 118
149 119
149 120
149 121
149 122
149 123
149 124
149 125
149 126
149 127
149 128
149 129
149 130
149 131
149 132
149 133
149 134
149 135
149 136
149 137
149 138
149 139
149 140
149 141
149 142
149 143
149 144
149 145
149 146
149 147
149 148
149 149
