# step:130000
15 97
16 97
16 100
17 96
17 99
17 101
17 103
18 95
19 95
19 97
21 106
22 99
23 94
23 99
24 95
24 101
25 94
25 98
25 102
26 91
26 99
27 65
27 90
28 65
28 68
28 92
29 64
29 67
29 69
29 71
29 96
30 63
30 97
31 63
31 65
32 92
33 41
33 74
33 98
34 67
35 62
35 67
36 41
36 43
36 51
36 63
36 69
37 62
37 66
37 70
38 59
38 67
38 108
39 49
39 58
40 60
41 42
41 51
41 56
41 64
41 111
42 46
42 52
42 56
42 65
42 106
42 108
42 109
44 60
44 109
45 44
45 72
45 73
46 47
46 50
46 52
46 57
47 44
47 52
47 57
47 69
48 49
48 69
49 47
49 52
49 60
49 77
50 52
50 53
50 55
50 69
53 58
53 60
53 65
53 66
54 58
54 66
54 75
55 63
56 55
56 70
56 73
56 74
56 75
56 128
57 55
57 76
57 129
58 66
58 69
58 71
58 123
58 127
59 60
59 62
59 66
59 71
60 60
60 61
60 130
60 132
61 76
61 131
61 136
61 137
62 60
62 67
62 71
62 74
62 76
62 126
62 138
63 67
63 75
63 81
63 82
63 125
63 136
63 139
63 140
64 59
64 74
64 77
64 80
64 84
64 89
64 91
64 92
64 122
64 130
65 59
65 69
65 71
65 80
65 90
65 95
65 129
65 132
65 133
65 138
66 69
66 75
66 81
66 84
66 139
67 60
67 66
67 94
67 98
67 131
67 138
68 66
68 70
68 78
68 85
68 88
68 91
68 97
68 130
69 63
69 74
69 81
69 83
69 87
69 88
69 90
69 92
69 97
69 138
70 75
70 84
70 96
71 70
71 82
72 58
72 72
72 83
72 90
72 92
72 134
73 51
73 63
73 69
73 75
73 91
73 98
74 48
74 49
74 53
74 65
74 75
74 81
74 83
74 92
75 51
75 69
75 77
75 96
75 101
76 50
76 53
76 68
76 74
76 75
77 47
77 48
77 52
77 54
77 55
77 57
77 59
77 66
77 74
77 89
78 57
78 59
78 65
78 66
78 72
78 89
78 99
79 53
79 80
79 81
79 89
79 97
80 53
80 66
80 86
80 89
80 98
80 107
80 109
80 111
81 53
81 55
81 62
81 63
81 73
81 104
81 108
82 50
82 74
82 75
82 83
82 104
83 58
83 69
83 71
83 77
83 79
83 80
83 82
83 87
84 75
84 85
84 86
84 101
84 105
84 108
85 79
85 80
85 83
85 87
86 69
86 81
86 86
86 95
86 96
87 64
87 68
87 74
87 78
87 95
87 96
87 104
87 106
88 73
88 90
88 102
89 9
89 10
89 11
89 12
89 13
89 14
89 15
89 67
89 69
89 93
89 108
89 109
90 9
90 10
90 13
90 14
90 66
90 88
90 89
90 90
90 94
90 103
90 104
90 108
90 109
91 9
91 15
91 103
91 104
92 7
92 15
92 17
92 74
92 89
92 91
92 96
92 105
92 111
93 6
93 16
93 83
93 105
94 6
94 7
94 77
94 84
94 101
95 4
95 9
95 10
95 11
95 79
95 94
95 102
95 108
96 9
96 20
96 21
96 85
96 97
96 104
96 108
96 109
96 116
97 10
97 23
97 80
97 82
97 92
97 93
97 117
98 99
98 101
98 107
98 112
98 115
99 4
99 17
99 18
99 90
99 91
99 98
99 103
99 109
100 9
100 19
100 92
100 106
100 118
100 120
101 88
101 113
101 119
101 124
101 125
102 6
102 7
102 10
102 12
102 13
102 14
102 18
102 85
102 89
102 93
102 103
102 105
102 106
102 111
102 126
103 10
103 17
103 93
103 97
103 105
103 114
103 124
103 127
103 128
104 10
104 22
104 81
104 85
104 111
104 112
104 118
105 15
105 26
105 81
105 98
105 99
105 117
105 120
105 121
105 126
106 16
106 17
106 18
106 81
106 127
107 13
107 16
107 17
107 18
107 81
107 89
107 119
107 126
108 83
108 85
108 86
108 113
108 118
109 20
109 82
109 110
109 126
110 85
111 90
112 84
112 90
112 122
113 85
115 85
115 86
115 88
115 99
116 33
117 94
118 33
118 34
118 36
118 95
119 31
119 99
120 101
121 92
121 100
122 34
122 89
122 93
122 97
123 90
123 96
124 92
124 97
125 92
126 43
126 85
127 49
128 94
128 96
129 44
129 96
130 45
130 88
130 90
130 92
130 95
131 49
131 91
131 94
132 51
132 94
133 42
133 50
134 39
134 43
134 47
135 40
135 46
136 42
136 47
137 42
138 35
140 44
140 46
141 46
142 38
142 40
142 42
142 45
143 41
143 44
144 44
