# step:130000
17 94
17 95
18 94
18 104
19 94
20 94
20 98
20 105
20 106
21 103
22 104
23 96
23 103
23 105
24 96
24 97
24 105
25 92
25 104
26 100
27 95
27 99
28 90
28 97
29 62
29 63
29 91
29 98
30 62
30 72
31 62
31 101
32 44
32 62
32 66
32 73
32 74
33 40
33 46
33 47
33 71
34 40
34 72
35 51
35 64
35 71
35 73
36 49
36 50
36 64
36 65
36 73
37 55
37 60
37 72
38 51
38 68
39 47
39 54
39 63
39 67
39 108
40 50
40 53
40 58
40 65
40 107
41 41
41 53
41 59
41 66
41 106
41 110
42 53
43 69
44 41
44 45
44 52
44 53
44 55
45 39
45 50
45 66
46 55
46 71
46 74
47 77
48 44
48 46
48 55
48 72
48 78
48 79
48 80
49 46
50 44
50 48
50 49
50 68
50 71
50 77
50 79
51 68
51 71
51 77
51 78
51 79
51 81
52 67
52 71
52 81
53 64
53 81
54 70
54 81
55 58
55 61
55 73
55 78
56 57
56 62
56 78
56 127
57 68
57 126
58 56
58 70
58 76
58 80
58 130
59 58
59 69
59 73
60 59
60 63
60 73
60 74
60 76
60 81
60 135
60 136
60 137
60 138
61 61
61 70
61 73
61 128
61 138
62 65
62 68
62 75
62 78
62 131
62 132
63 61
63 69
63 80
63 83
63 127
63 131
64 64
64 126
64 135
65 91
65 94
65 96
65 97
65 128
66 65
66 71
66 72
66 80
66 85
66 93
66 129
67 71
67 85
67 96
67 124
68 62
68 74
68 75
68 87
68 90
68 94
68 95
68 96
69 60
69 62
69 65
69 68
69 70
69 72
69 79
69 82
69 96
69 132
69 134
70 60
70 70
70 76
70 92
70 98
70 130
70 133
70 137
71 63
71 68
71 96
71 98
71 131
71 132
71 135
72 69
72 75
72 80
72 82
72 91
72 135
73 50
73 74
73 83
73 84
73 85
73 86
73 94
74 47
74 55
74 87
74 100
75 32
75 33
75 65
75 72
75 85
76 54
76 73
76 78
76 85
76 89
76 95
76 97
76 102
77 32
77 33
77 53
77 70
77 71
77 76
77 77
77 81
77 87
77 97
78 55
78 64
78 85
78 104
78 105
78 106
79 50
79 66
79 73
79 106
80 65
80 76
80 78
80 83
80 110
81 56
81 64
81 65
81 70
81 78
81 87
81 105
82 64
82 78
82 80
82 108
83 62
83 83
83 88
83 108
84 65
84 66
84 69
84 70
84 83
84 98
85 62
85 86
85 99
85 106
86 60
86 78
86 82
86 97
86 98
86 105
87 65
87 67
87 70
87 73
87 79
87 91
87 100
87 101
88 69
88 76
88 78
88 91
88 95
88 96
88 100
89 8
89 70
89 78
89 83
89 99
89 100
89 103
89 107
90 8
90 67
90 80
90 86
90 87
90 107
91 14
91 17
91 18
91 73
91 81
91 87
91 98
91 109
92 6
92 75
92 94
92 103
92 104
93 5
93 7
93 87
93 103
93 104
94 5
94 11
94 15
94 82
94 88
94 95
94 106
95 6
95 12
95 19
95 90
95 91
95 100
95 104
96 78
96 81
96 87
96 99
96 106
96 115
97 20
97 97
97 99
97 106
97 108
97 114
98 9
98 14
98 83
98 93
98 102
98 118
99 7
99 11
99 16
99 21
99 80
99 96
100 3
100 11
100 85
100 87
100 103
100 108
100 123
100 124
100 125
100 126
101 11
101 15
101 17
101 19
101 82
101 101
101 105
101 106
101 116
101 126
102 82
102 86
102 87
102 114
102 119
102 120
103 12
103 18
103 83
103 85
103 88
103 98
103 101
103 108
103 115
103 119
104 15
104 23
104 101
104 103
104 108
104 114
104 123
105 14
105 18
105 25
105 83
105 88
105 97
105 100
105 108
105 116
106 13
106 14
106 15
106 19
106 22
106 24
106 83
106 88
106 117
107 14
107 15
107 19
107 24
107 107
107 109
107 110
108 82
108 111
109 120
109 122
110 82
110 118
110 121
110 125
111 119
111 120
111 123
112 87
112 123
113 83
113 84
113 88
114 93
116 90
118 93
118 100
119 32
119 36
119 94
119 101
120 35
120 92
120 96
121 34
121 91
122 87
122 99
123 86
123 94
123 95
124 86
124 88
124 95
125 87
126 88
127 85
127 86
127 93
127 97
128 40
128 97
129 87
129 97
130 43
130 50
130 96
130 97
131 44
131 51
132 42
132 46
133 41
134 37
134 49
135 36
135 44
135 45
136 36
136 38
136 45
137 37
138 38
139 35
139 36
139 43
139 47
140 47
141 37
141 47
142 46
142 47
