# step:130000
16 98
21 95
21 102
22 101
24 103
25 96
25 99
26 95
26 96
26 103
27 91
27 97
27 101
27 102
28 66
28 100
28 101
29 94
29 99
29 100
30 91
30 96
31 90
31 91
31 93
31 97
32 89
32 90
32 100
33 44
33 63
33 70
33 88
33 89
33 100
33 101
34 42
34 43
34 46
34 69
34 87
34 88
34 101
34 102
35 43
35 47
35 86
35 87
35 102
35 103
36 71
36 85
36 86
36 103
36 104
37 64
37 67
37 84
37 85
37 104
37 105
38 47
38 55
38 63
38 64
38 71
38 83
38 84
38 105
38 106
39 52
39 59
39 65
39 69
39 70
39 82
39 83
39 106
40 43
40 45
40 68
40 69
40 81
40 82
40 109
41 47
41 55
41 62
41 67
41 68
41 80
41 81
42 43
42 55
42 59
42 64
42 79
42 80
43 45
43 54
43 58
43 59
43 61
43 65
43 78
43 79
43 110
43 111
44 40
44 43
44 57
44 58
44 68
44 77
44 78
44 111
44 112
45 48
45 56
45 57
45 69
45 76
45 77
45 112
45 113
46 40
46 48
46 67
46 69
46 70
46 75
46 76
46 113
46 114
47 51
47 74
47 114
47 115
48 53
48 56
48 57
48 59
48 115
48 116
49 45
49 57
49 69
49 70
49 80
49 116
49 117
50 58
50 59
50 117
50 118
51 45
51 59
51 60
51 118
51 119
52 60
52 61
52 73
52 74
52 119
52 120
53 67
53 73
53 74
53 120
53 121
54 67
54 76
54 79
54 121
54 122
55 72
55 74
55 122
55 123
56 79
56 80
56 123
56 124
57 57
57 59
57 61
57 63
57 65
57 69
57 124
57 125
57 128
59 68
59 80
59 82
59 124
60 64
60 67
60 68
60 126
61 68
61 72
61 129
61 134
62 64
62 125
62 129
62 130
63 65
63 124
63 128
64 61
64 65
64 66
64 67
64 73
64 86
64 87
64 139
65 85
65 88
65 89
65 126
65 130
66 60
66 86
66 97
66 122
66 123
66 126
66 127
67 61
67 67
67 69
67 78
67 82
67 83
67 88
67 121
67 122
67 127
67 128
67 133
68 80
68 120
68 121
68 128
68 134
69 64
69 78
69 86
69 119
69 120
69 129
69 131
70 66
70 79
70 118
70 119
71 61
71 71
71 79
71 85
71 86
71 117
71 118
72 60
72 61
72 77
72 84
72 85
72 87
72 97
72 116
72 117
73 57
73 59
73 60
73 79
73 115
73 116
74 59
74 68
74 70
74 80
74 85
74 94
74 98
74 114
74 115
75 46
75 57
75 58
75 83
75 97
75 99
75 113
75 114
76 31
76 45
76 46
76 48
76 55
76 57
76 69
76 76
76 81
76 112
76 113
77 44
77 45
77 64
77 98
77 99
77 102
77 111
77 112
78 31
78 32
78 43
78 44
78 52
78 69
78 80
78 81
78 110
78 111
79 30
79 31
79 42
79 43
79 49
79 52
79 55
79 57
79 68
79 86
80 29
80 30
80 41
80 42
80 48
80 49
80 51
80 57
80 58
80 70
80 71
80 104
80 108
81 28
81 29
81 40
81 41
81 47
81 48
81 58
81 59
81 77
82 27
82 28
82 39
82 40
82 46
82 47
82 59
82 60
82 82
82 84
82 87
82 88
82 106
83 26
83 27
83 38
83 39
83 45
83 46
83 66
83 67
83 68
84 25
84 26
84 37
84 38
84 44
84 45
84 59
84 78
84 79
84 80
84 87
84 103
84 104
85 24
85 25
85 36
85 37
85 43
85 44
85 65
85 68
85 77
86 23
86 24
86 35
86 36
86 42
86 43
86 61
86 62
86 88
86 99
86 102
87 22
87 23
87 34
87 35
87 41
87 42
87 80
87 81
87 82
87 86
87 89
87 97
88 21
88 22
88 33
88 34
88 40
88 41
88 88
88 97
88 104
89 20
89 21
89 32
89 33
89 39
89 40
89 73
89 95
89 98
89 104
89 105
89 106
90 17
90 19
90 20
90 31
90 32
90 38
90 39
90 74
90 78
90 85
90 91
90 92
90 95
90 97
91 16
91 19
91 30
91 31
91 37
91 38
91 79
91 86
91 96
92 8
92 9
92 16
92 29
92 30
92 36
92 37
92 80
92 93
92 109
93 14
93 19
93 28
93 29
93 35
93 36
93 88
93 107
94 9
94 27
94 28
94 34
94 35
94 90
94 109
94 110
95 8
95 20
95 26
95 27
95 33
95 34
95 78
95 80
95 92
95 106
95 110
95 111
96 4
96 8
96 13
96 14
96 15
96 16
96 25
96 26
96 32
96 33
96 112
97 5
97 9
97 11
97 21
97 24
97 25
97 31
97 32
97 85
97 86
97 91
97 101
97 109
97 112
97 113
97 116
98 12
98 13
98 16
98 18
98 24
98 30
98 31
98 95
98 106
99 6
99 13
99 29
99 30
99 79
99 82
99 110
100 6
100 22
100 28
100 29
100 78
100 79
100 81
100 88
100 89
100 94
100 95
100 98
100 114
101 9
101 27
101 28
101 77
101 78
101 95
101 117
101 122
102 16
102 20
102 26
102 27
102 76
102 77
102 97
102 117
102 118
103 20
103 25
103 26
103 75
103 76
103 106
103 116
104 12
104 13
104 17
104 74
104 75
104 83
104 95
104 96
104 127
105 12
105 13
105 21
105 73
105 74
105 85
105 94
105 95
105 109
105 114
105 118
106 11
106 72
106 73
106 85
106 93
106 94
106 114
106 115
107 20
107 21
107 71
107 72
107 83
107 92
107 93
107 115
107 116
107 121
108 22
108 23
108 70
108 71
108 91
108 92
108 108
108 116
108 122
109 23
109 24
109 69
109 70
109 87
109 90
109 91
109 107
109 108
109 117
109 119
110 24
110 25
110 68
110 69
110 89
110 90
110 106
110 107
111 25
111 26
111 67
111 68
111 84
111 85
111 86
111 105
111 106
112 26
112 27
112 66
112 67
112 104
112 105
113 27
113 28
113 65
113 66
113 90
113 92
113 103
113 104
114 28
114 29
114 64
114 65
114 90
114 102
114 103
115 29
115 30
115 63
115 64
115 91
115 101
115 102
116 30
116 31
116 62
116 63
116 94
116 98
116 100
116 101
117 31
117 32
117 61
117 62
117 95
117 100
118 60
118 61
118 91
118 92
118 97
119 59
119 60
119 90
119 91
120 33
120 58
120 59
120 89
120 90
120 94
120 100
121 36
121 57
121 58
121 88
121 95
121 96
122 36
122 37
122 56
122 57
122 92
122 95
123 37
123 38
123 55
123 56
123 88
124 38
124 39
124 54
124 55
125 39
125 40
125 53
125 54
125 90
126 40
126 41
126 52
126 53
126 89
126 96
127 41
127 51
127 52
128 44
128 48
128 50
128 51
129 45
129 50
130 41
130 42
130 47
131 40
131 41
131 93
132 39
132 40
132 44
132 50
133 38
133 45
133 46
134 42
134 45
135 38
137 40
138 39
138 46
143 43
