# step:79800
6 6
7 7
8 6
8 8
9 9
10 10
11 11
12 8
12 12
13 13
14 14
15 15
16 10
16 16
17 17
18 18
19 19
20 12
20 20
21 21
22 22
23 23
24 14
24 24
25 25
26 26
27 27
28 16
28 28
29 29
30 30
31 31
32 32
33 19
33 33
34 34
35 35
36 36
37 21
37 37
38 38
39 39
40 40
41 23
41 41
42 42
43 43
44 44
45 25
45 45
46 46
47 47
48 48
49 27
49 49
50 50
51 51
52 52
53 29
53 53
54 54
55 55
56 56
57 31
57 57
58 58
59 59
60 60
61 33
61 61
62 62
63 63
64 64
65 35
65 65
66 66
67 67
68 68
69 37
69 69
70 70
71 71
72 72
73 39
73 73
74 74
75 75
76 76
77 41
77 77
78 78
79 79
80 80
81 43
81 81
82 82
83 83
84 84
85 45
85 85
86 86
87 87
88 88
89 47
89 89
90 90
91 91
92 92
93 49
93 93
94 94
95 51
95 95
96 52
96 54
96 96
97 46
97 55
97 57
97 97
98 58
98 60
98 98
99 42
99 61
99 63
99 99
100 64
100 66
100 100
101 38
101 67
101 69
101 101
102 70
102 72
102 102
103 34
103 73
103 75
103 103
104 76
104 78
104 104
105 30
105 79
105 81
105 105
106 82
106 84
106 106
107 26
107 85
107 87
107 107
108 88
108 90
108 108
109 22
109 91
109 93
109 109
109 118
109 128
110 94
110 96
110 110
110 120
110 121
110 125
110 126
110 129
110 130
111 18
111 97
111 99
111 124
111 132
112 100
112 102
112 112
113 14
113 103
113 105
113 110
113 128
114 113
115 10
115 113
115 127
115 131
116 118
116 123
116 125
117 6
117 115
117 138
117 139
118 6
118 7
118 8
118 9
118 10
118 11
118 12
118 13
118 14
118 15
118 16
118 17
118 18
118 19
118 20
118 21
118 22
118 23
118 24
118 25
118 26
118 27
118 28
118 29
118 30
118 31
118 32
118 33
118 34
118 35
118 36
118 37
118 38
118 39
118 40
118 41
118 42
118 43
118 44
118 45
118 46
118 47
118 48
118 49
118 50
118 51
118 52
118 53
118 54
118 55
118 56
118 57
118 58
118 59
118 60
118 61
118 62
118 63
118 64
118 65
118 66
118 67
118 68
118 69
118 70
118 71
118 72
118 73
118 74
118 75
118 76
118 77
118 78
118 79
118 80
118 81
118 82
118 83
118 84
118 85
118 86
118 87
118 88
118 89
118 90
118 91
118 92
118 93
118 94
118 95
118 96
118 97
118 98
118 99
118 100
118 101
118 102
118 103
118 104
118 105
118 106
118 107
118 124
118 127
118 134
119 108
119 115
119 116
119 117
120 116
120 134
120 141
121 123
121 126
122 116
122 126
122 137
123 126
123 136
124 118
124 125
124 126
124 128
124 131
124 136
125 112
125 113
125 129
126 119
126 129
127 116
127 119
127 123
127 136
127 137
128 127
128 134
128 138
129 131
129 139
130 122
130 132
130 133
130 134
130 136
