# step:79800
6 5
9 7
10 7
13 9
14 9
17 11
18 11
21 13
22 13
25 15
26 15
29 17
30 17
34 20
35 20
38 22
39 22
42 24
43 24
46 26
47 26
50 28
51 28
54 30
55 30
58 32
59 32
62 34
63 34
66 36
67 36
70 38
71 38
74 40
75 40
78 42
79 42
82 44
83 44
86 46
87 46
90 48
91 48
94 50
95 50
95 52
95 53
96 48
96 49
96 50
96 51
96 53
96 55
96 56
97 53
97 54
97 56
97 58
97 59
98 44
98 45
98 56
98 57
98 59
98 61
98 62
99 59
99 60
99 62
99 64
99 65
100 40
100 41
100 62
100 63
100 65
100 67
100 68
101 65
101 66
101 68
101 70
101 71
102 36
102 37
102 68
102 69
102 71
102 73
102 74
103 71
103 72
103 74
103 76
103 77
104 32
104 33
104 74
104 75
104 77
104 79
104 80
105 77
105 78
105 80
105 82
105 83
106 28
106 29
106 80
106 81
106 83
106 85
106 86
107 83
107 84
107 86
107 88
107 89
108 24
108 25
108 86
108 87
108 89
108 91
108 92
109 89
109 90
109 92
109 94
109 95
109 129
110 20
110 21
110 92
110 93
110 95
110 97
110 98
110 127
111 95
111 96
111 98
111 100
111 101
111 123
111 126
111 130
112 16
112 17
112 98
112 99
112 101
112 103
112 104
112 109
112 110
113 101
113 102
113 104
113 108
113 112
113 121
113 127
114 12
114 13
114 104
114 105
114 107
114 121
114 123
114 133
115 106
115 115
115 133
116 8
116 9
116 110
116 113
116 119
116 120
116 129
116 134
117 110
117 123
117 126
117 140
117 141
118 108
118 118
118 142
118 143
119 111
119 121
119 126
119 142
119 143
120 121
121 110
121 113
121 117
121 119
121 129
121 138
121 139
122 117
122 136
123 116
123 122
123 132
123 133
123 135
124 111
124 127
124 132
124 135
125 131
125 134
126 111
126 118
126 128
126 136
127 127
128 119
128 124
128 125
129 123
129 133
129 138
130 135
130 138
133 136
133 139
134 139
134 140
