# step:79800
3 2
3 3
3 4
3 5
4 2
4 6
5 2
5 7
6 2
6 8
7 2
7 9
8 2
8 10
9 2
9 11
10 2
10 12
11 2
11 13
12 2
12 14
13 2
13 15
14 2
14 16
15 2
15 17
16 2
16 18
17 2
17 19
18 2
18 20
19 2
19 21
20 2
20 22
21 2
21 23
22 2
22 24
23 2
23 25
24 2
24 26
25 2
25 27
26 2
26 28
27 2
27 29
28 2
28 30
29 2
29 31
30 2
30 32
31 2
31 33
32 2
32 34
33 2
33 35
34 2
34 36
35 2
35 37
36 2
36 38
37 2
37 39
38 2
38 40
39 2
39 41
40 2
40 42
41 2
41 43
42 2
42 44
43 2
43 45
44 2
44 46
45 2
45 47
46 2
46 48
47 2
47 49
48 2
48 50
49 2
49 51
50 2
50 52
51 2
51 53
52 2
52 54
53 2
53 55
54 2
54 56
55 2
55 57
56 2
56 58
57 2
57 59
58 2
58 60
59 2
59 61
60 2
60 62
61 2
61 63
62 2
62 64
63 2
63 65
64 2
64 66
65 2
65 67
66 2
66 68
67 2
67 69
68 2
68 70
69 2
69 71
70 2
70 72
71 2
71 73
72 2
72 74
73 2
73 75
74 2
74 76
75 2
75 77
76 2
76 78
77 2
77 79
78 2
78 80
79 2
79 81
80 2
80 82
81 2
81 83
82 2
82 84
83 2
83 85
84 2
84 86
85 2
85 87
86 2
86 88
87 2
87 89
88 2
88 90
89 2
89 91
90 2
90 92
91 2
91 93
92 2
92 94
93 2
93 95
94 2
94 96
95 2
95 97
96 2
96 98
97 2
97 99
98 2
98 100
99 2
99 101
100 2
100 102
101 2
101 103
102 2
102 104
103 2
103 105
104 2
104 106
105 2
105 107
106 2
106 108
107 2
107 109
107 118
107 119
108 2
108 110
108 117
108 131
108 132
108 133
108 134
109 2
109 111
109 116
109 119
109 127
109 135
110 2
110 112
110 115
110 118
110 135
111 2
111 114
111 118
111 136
111 137
112 2
112 118
112 120
112 133
112 137
113 2
113 133
113 137
113 140
113 141
113 142
113 143
114 2
114 125
114 138
114 139
114 144
115 2
115 110
115 118
115 145
116 2
116 106
116 114
116 127
116 130
116 131
116 145
117 2
117 107
117 119
117 135
117 136
117 137
117 146
117 147
118 2
118 109
118 110
118 133
118 138
118 140
118 141
118 147
119 3
119 118
119 120
119 138
119 147
120 4
120 5
120 109
120 126
120 128
120 137
120 147
121 109
121 120
121 136
121 147
122 128
122 130
122 147
123 106
123 130
123 134
123 147
124 106
124 107
124 147
125 122
125 125
125 127
125 133
125 147
126 109
126 115
126 116
126 121
126 130
126 135
126 147
127 109
127 130
127 147
128 109
128 120
128 121
128 137
128 147
129 108
129 121
129 137
129 147
130 108
130 121
130 147
131 108
131 124
131 138
131 147
132 108
132 122
132 123
132 147
133 108
133 121
133 138
133 147
134 108
134 109
134 110
134 111
134 112
134 113
134 114
134 115
134 116
134 117
134 118
134 119
134 120
134 121
134 137
134 147
135 138
135 147
136 133
136 147
137 133
137 134
137 135
137 136
137 147
138 146
138 147
