# step:79800
4 5
106 123
106 128
107 120
107 121
107 122
107 129
108 130
109 124
109 125
109 126
109 131
109 134
110 123
111 110
111 113
111 129
111 135
112 117
112 130
113 117
114 110
114 122
114 124
114 129
114 132
114 137
114 140
115 144
116 117
117 112
117 116
117 145
118 3
118 121
118 123
118 125
119 137
120 6
120 7
120 8
120 9
120 10
120 11
120 12
120 13
120 14
120 15
120 16
120 17
120 18
120 19
120 20
120 21
120 22
120 23
120 24
120 25
120 26
120 27
120 28
120 29
120 30
120 31
120 32
120 33
120 34
120 35
120 36
120 37
120 38
120 39
120 40
120 41
120 42
120 43
120 44
120 45
120 46
120 47
120 48
120 49
120 50
120 51
120 52
120 53
120 54
120 55
120 56
120 57
120 58
120 59
120 60
120 61
120 62
120 63
120 64
120 65
120 66
120 67
120 68
120 69
120 70
120 71
120 72
120 73
120 74
120 75
120 76
120 77
120 78
120 79
120 80
120 81
120 82
120 83
120 84
120 85
120 86
120 87
120 88
120 89
120 90
120 91
120 92
120 93
120 94
120 95
120 96
120 97
120 98
120 99
120 100
120 101
120 102
120 103
120 104
120 105
120 106
120 131
121 106
121 121
122 106
122 114
122 119
122 121
122 131
122 133
122 135
123 111
123 112
123 121
124 108
124 122
124 133
125 109
125 121
125 123
125 132
126 114
126 123
126 126
126 131
126 134
127 135
129 109
129 136
130 139
131 125
132 121
132 125
132 139
133 125
134 138
135 133
135 139
137 137
137 138
137 139
137 140
137 141
137 142
137 143
138 144
138 145
