# step:79800
4 3
4 4
5 3
5 6
6 3
6 7
7 3
7 8
8 3
8 9
9 3
9 10
10 3
10 11
11 3
11 12
12 3
12 13
13 3
13 14
14 3
14 15
15 3
15 16
16 3
16 17
17 3
17 18
18 3
18 19
19 3
19 20
20 3
20 21
21 3
21 22
22 3
22 23
23 3
23 24
24 3
24 25
25 3
25 26
26 3
26 27
27 3
27 28
28 3
28 29
29 3
29 30
30 3
30 31
31 3
31 32
32 3
32 33
33 3
33 34
34 3
34 35
35 3
35 36
36 3
36 37
37 3
37 38
38 3
38 39
39 3
39 40
40 3
40 41
41 3
41 42
42 3
42 43
43 3
43 44
44 3
44 45
45 3
45 46
46 3
46 47
47 3
47 48
48 3
48 49
49 3
49 50
50 3
50 51
51 3
51 52
52 3
52 53
53 3
53 54
54 3
54 55
55 3
55 56
56 3
56 57
57 3
57 58
58 3
58 59
59 3
59 60
60 3
60 61
61 3
61 62
62 3
62 63
63 3
63 64
64 3
64 65
65 3
65 66
66 3
66 67
67 3
67 68
68 3
68 69
69 3
69 70
70 3
70 71
71 3
71 72
72 3
72 73
73 3
73 74
74 3
74 75
75 3
75 76
76 3
76 77
77 3
77 78
78 3
78 79
79 3
79 80
80 3
80 81
81 3
81 82
82 3
82 83
83 3
83 84
84 3
84 85
85 3
85 86
86 3
86 87
87 3
87 88
88 3
88 89
89 3
89 90
90 3
90 91
91 3
91 92
92 3
92 93
93 3
93 94
94 3
94 95
95 3
95 96
96 3
96 97
97 3
97 98
98 3
98 99
99 3
99 100
100 3
100 101
101 3
101 102
102 3
102 103
103 3
103 104
104 3
104 105
105 3
105 106
106 3
106 107
107 3
107 108
107 123
107 128
108 3
108 109
109 3
109 110
109 132
109 133
110 3
110 111
110 119
110 128
110 134
111 3
111 111
111 119
112 3
112 119
112 131
112 132
112 136
113 3
113 111
113 116
113 118
113 123
113 132
113 136
114 3
114 111
114 116
114 117
114 118
114 126
114 128
114 136
114 141
115 3
115 120
115 121
115 129
115 130
116 3
116 144
117 3
117 129
118 113
118 114
118 137
118 146
119 113
119 124
119 146
120 113
120 115
120 118
120 119
120 120
120 122
120 125
120 130
120 136
120 146
121 111
121 125
121 128
121 135
121 146
122 120
122 132
122 146
123 107
123 113
123 120
123 125
123 146
124 110
124 124
124 146
125 146
126 113
126 120
126 122
126 146
127 120
127 128
127 131
127 146
128 126
128 146
129 146
130 109
130 124
130 146
131 146
132 138
132 146
133 109
133 110
133 111
133 112
133 113
133 114
133 115
133 116
133 117
133 118
133 119
133 120
133 132
133 137
133 146
134 146
135 146
136 134
136 135
136 136
136 143
136 146
137 146
