# step:79800
5 4
5 5
6 4
7 4
10 6
11 6
14 8
15 8
18 10
19 10
22 12
23 12
26 14
27 14
30 16
31 16
35 19
36 19
39 21
40 21
43 23
44 23
47 25
48 25
51 27
52 27
55 29
56 29
59 31
60 31
63 33
64 33
67 35
68 35
71 37
72 37
75 39
76 39
79 41
80 41
83 43
84 43
87 45
88 45
91 47
92 47
95 47
95 48
97 43
97 44
99 39
99 40
101 35
101 36
103 31
103 32
105 27
105 28
107 23
107 24
109 19
109 20
109 121
109 122
110 117
110 124
111 15
111 16
111 116
112 115
113 11
113 12
113 119
113 120
113 126
113 131
114 119
114 127
114 131
115 7
115 8
115 112
115 117
115 124
115 135
115 142
116 128
116 133
116 141
116 142
117 127
117 134
117 143
118 117
118 136
119 107
119 114
119 119
119 129
119 136
120 112
120 114
120 117
120 124
120 143
120 144
121 115
121 118
121 127
121 134
122 115
122 122
122 129
122 139
122 140
123 114
123 119
123 124
123 129
124 120
124 121
127 118
127 126
127 129
127 133
128 112
128 118
129 111
129 118
129 119
129 128
130 110
130 126
131 134
131 137
132 132
132 135
135 134
135 141
135 142
