# step:79800
8 5
12 7
16 9
20 11
24 13
28 15
32 17
33 18
37 20
41 22
45 24
49 26
53 28
57 30
61 32
65 34
69 36
73 38
77 40
81 42
85 44
89 46
93 48
96 46
98 42
100 38
102 34
104 30
106 26
108 22
108 119
110 18
112 14
112 122
112 125
112 128
113 124
113 135
114 10
114 114
115 126
115 136
116 6
116 124
116 126
119 110
119 122
119 130
119 145
120 108
120 123
120 133
121 108
121 124
121 132
121 141
122 112
123 108
123 137
124 137
125 137
126 110
126 124
126 137
127 110
127 111
127 112
128 111
128 115
128 116
128 129
128 139
129 113
129 124
129 130
130 130
131 111
131 119
131 127
131 130
131 131
131 132
132 119
132 131
132 134
132 136
132 141
134 141
134 143
135 136
136 145
