# step:79800
7 5
9 6
11 7
13 8
15 9
17 10
19 11
21 12
23 13
25 14
27 15
29 16
31 17
32 18
34 19
36 20
38 21
40 22
42 23
44 24
46 25
48 26
50 27
52 28
54 29
56 30
58 31
60 32
62 33
64 34
66 35
68 36
70 37
72 38
74 39
76 40
78 41
80 42
82 43
84 44
86 45
88 46
90 47
92 48
94 49
95 49
96 47
97 45
98 43
99 41
100 39
101 37
102 35
103 33
104 31
105 29
106 27
107 25
108 23
109 21
109 120
109 123
110 19
111 17
111 112
111 120
111 125
111 133
112 15
112 111
112 113
112 123
112 126
112 129
112 134
113 13
113 114
113 130
113 134
114 11
114 106
114 120
114 130
114 134
115 9
115 107
115 122
115 134
116 7
116 108
116 121
116 132
116 135
116 136
116 137
116 138
116 139
116 140
117 5
117 109
117 142
118 5
118 126
118 130
118 135
118 144
119 112
119 134
119 144
120 132
120 135
120 142
121 140
122 113
122 118
122 138
123 109
123 110
123 128
124 112
124 113
124 123
125 111
125 124
125 130
127 113
127 114
127 117
127 121
127 138
128 130
129 120
129 125
129 126
129 129
129 132
129 140
130 120
130 131
130 137
130 140
131 120
131 133
131 140
132 140
133 140
134 136
135 135
135 137
135 140
