# step:39000
13 76
17 76
19 71
20 66
21 66
22 71
22 72
24 74
28 70
28 71
33 76
35 71
36 66
37 66
38 71
38 72
40 74
44 70
44 71
49 76
51 71
52 66
53 66
54 71
54 72
56 74
60 70
60 71
65 76
67 71
68 66
69 66
70 71
70 72
72 74
76 70
76 71
81 76
83 71
84 66
85 66
86 71
86 72
88 74
92 70
92 71
94 75
96 74
97 68
97 76
98 75
99 69
101 69
102 64
103 70
104 64
104 80
105 62
105 72
105 76
106 60
106 61
107 61
107 63
108 60
109 71
110 78
111 62
111 63
111 66
112 66
112 78
113 60
114 61
114 72
117 56
117 61
117 80
118 60
118 80
119 70
120 73
121 66
122 64
123 66
123 70
123 76
123 86
123 90
124 57
124 70
124 82
125 68
125 70
125 74
125 81
125 85
126 63
126 76
126 80
126 85
127 84
128 54
128 68
128 72
129 61
129 69
129 80
129 87
129 93
130 61
130 68
130 76
130 80
131 62
131 76
131 85
131 89
131 91
132 65
132 79
133 63
133 65
134 63
135 55
135 63
135 76
135 85
136 82
137 57
137 61
138 60
139 72
139 82
139 87
141 81
141 86
143 87
