# step:39000
16 73
16 76
18 74
21 70
23 66
24 71
26 66
26 67
31 77
34 74
37 70
39 66
40 71
42 66
42 67
47 77
50 74
53 70
55 66
56 71
58 66
58 67
63 77
66 74
69 70
71 66
72 71
74 66
74 67
79 77
82 74
85 70
87 66
88 71
90 66
90 67
94 74
95 77
96 73
96 75
97 73
99 66
100 67
100 69
100 73
100 74
100 75
101 67
101 73
102 71
103 77
104 69
104 77
106 67
106 71
106 78
107 75
108 62
108 80
109 61
109 63
109 66
109 80
110 71
110 73
111 65
111 77
112 59
112 65
112 76
113 67
113 72
114 60
114 76
115 68
116 57
116 67
117 63
117 66
117 67
117 72
118 76
119 60
119 65
120 68
120 79
121 58
122 76
122 84
122 85
124 62
124 64
124 74
124 76
124 86
124 92
125 63
126 56
126 61
126 78
126 91
127 60
127 65
127 72
128 64
128 90
128 91
129 67
129 76
130 55
130 71
131 74
132 61
132 76
132 83
132 91
133 71
133 84
133 86
134 71
134 80
134 84
135 58
135 73
135 80
135 86
136 62
136 70
136 78
136 85
137 58
137 77
137 80
138 71
139 79
139 80
139 86
140 85
141 77
141 87
143 85
