# step:39000
13 74
14 73
15 72
16 65
16 66
16 67
16 68
16 71
17 64
17 68
17 70
17 73
17 74
17 75
17 77
18 63
18 69
18 77
19 63
19 67
19 76
20 63
20 76
21 63
21 76
22 64
22 75
23 64
23 70
24 64
25 66
26 72
26 76
26 77
26 78
26 79
26 80
27 80
28 72
28 80
29 68
29 74
29 79
29 80
30 68
30 69
30 70
30 71
30 74
31 72
31 79
32 65
32 66
32 67
32 68
32 71
32 79
33 64
33 68
33 70
33 73
33 74
33 75
33 78
34 63
34 69
34 77
35 63
35 67
35 76
36 63
36 76
37 63
37 76
38 64
38 75
39 64
39 70
40 64
41 66
42 72
42 76
42 77
42 78
42 79
42 80
43 80
44 72
44 80
45 68
45 74
45 79
45 80
46 68
46 69
46 70
46 71
46 74
47 72
47 79
48 65
48 66
48 67
48 68
48 71
48 79
49 64
49 68
49 70
49 73
49 74
49 75
49 78
50 63
50 69
50 77
51 63
51 67
51 76
52 63
52 76
53 63
53 76
54 64
54 75
55 64
55 70
56 64
57 66
58 72
58 76
58 77
58 78
58 79
58 80
59 80
60 72
60 80
61 68
61 74
61 79
61 80
62 68
62 69
62 70
62 71
62 74
63 72
63 79
64 65
64 66
64 67
64 68
64 71
64 79
65 64
65 68
65 70
65 73
65 74
65 75
65 78
66 63
66 69
66 77
67 63
67 67
67 76
68 63
68 76
69 63
69 76
70 64
70 75
71 64
71 70
72 64
73 66
74 72
74 76
74 77
74 78
74 79
74 80
75 80
76 72
76 80
77 68
77 74
77 79
77 80
78 68
78 69
78 70
78 71
78 74
79 72
79 79
80 65
80 66
80 67
80 68
80 71
80 79
81 64
81 68
81 70
81 73
81 74
81 75
81 78
82 63
82 69
82 77
83 63
83 67
83 76
84 63
84 76
85 63
85 76
86 64
86 75
87 64
87 70
88 64
89 66
90 72
90 76
90 77
90 78
90 79
90 80
91 80
92 72
92 80
93 68
93 80
94 68
94 69
94 70
94 71
94 79
95 64
95 65
95 79
96 64
96 79
97 64
97 67
97 78
98 64
98 71
98 77
99 70
99 73
99 74
99 77
100 61
100 62
100 63
100 64
100 68
100 78
101 60
101 75
101 79
101 80
101 81
101 82
101 83
102 59
102 83
103 59
103 66
103 69
103 83
104 59
104 72
104 83
105 58
105 83
106 58
106 83
107 58
107 60
107 66
107 72
107 82
108 58
108 65
108 73
108 75
108 76
108 77
109 58
110 55
110 56
110 57
111 54
111 61
111 73
111 74
111 78
112 54
112 57
112 58
112 80
113 54
113 59
113 81
114 54
114 62
114 81
115 54
115 61
115 71
115 81
116 54
116 58
116 59
116 70
116 82
116 83
116 84
117 54
117 60
117 68
117 85
118 54
118 70
118 85
119 54
119 85
119 86
119 87
120 54
120 71
120 87
121 54
121 81
121 84
121 92
121 93
122 53
122 56
122 82
122 94
123 53
123 63
123 69
123 82
123 94
124 53
124 73
124 83
124 85
124 94
125 53
125 59
125 73
125 94
126 53
126 70
126 72
126 73
126 83
126 94
127 53
127 63
127 81
127 83
127 92
127 95
128 71
128 92
128 96
129 55
129 62
129 82
129 96
130 56
130 67
130 81
130 88
131 66
131 77
132 85
133 60
133 79
133 85
133 93
134 79
134 89
134 90
134 91
134 92
134 93
135 59
135 65
135 67
135 77
135 88
136 55
136 57
136 58
136 60
136 65
136 68
136 76
136 79
136 83
136 87
137 55
137 59
137 65
137 68
137 88
137 89
138 53
138 63
138 64
138 65
138 68
138 77
138 89
139 53
139 54
139 55
139 62
139 68
139 89
140 56
140 61
140 68
140 69
140 70
140 71
140 83
140 90
141 57
141 61
141 90
142 58
142 59
142 60
142 61
142 82
142 90
143 77
143 78
143 79
143 90
144 80
144 90
145 80
145 90
146 80
146 81
146 82
146 83
146 84
146 85
146 86
146 87
146 88
146 89
