# step:39000
12 75
12 77
12 78
15 74
15 76
15 78
16 77
17 65
18 64
18 68
19 69
20 67
21 64
21 67
21 68
21 75
22 68
22 70
23 65
23 69
23 72
23 75
24 66
24 67
24 76
25 64
25 76
26 73
27 69
27 73
28 64
30 72
30 75
31 75
32 76
33 65
33 77
34 64
34 68
35 69
36 67
37 64
37 67
37 68
37 75
38 68
38 70
39 65
39 69
39 72
39 75
40 66
40 67
40 76
41 64
41 76
42 73
43 69
43 73
44 64
46 72
46 75
47 75
48 76
49 65
49 77
50 64
50 68
51 69
52 67
53 64
53 67
53 68
53 75
54 68
54 70
55 65
55 69
55 72
55 75
56 66
56 67
56 76
57 64
57 76
58 73
59 69
59 73
60 64
62 72
62 75
63 75
64 76
65 65
65 77
66 64
66 68
67 69
68 67
69 64
69 67
69 68
69 75
70 68
70 70
71 65
71 69
71 72
71 75
72 66
72 67
72 76
73 64
73 76
74 73
75 69
75 73
76 64
78 72
78 75
79 75
80 76
81 65
81 77
82 64
82 68
83 69
84 67
85 64
85 67
85 68
85 75
86 68
86 70
87 65
87 69
87 72
87 75
88 66
88 67
88 76
89 64
89 76
90 73
91 69
91 73
92 64
93 79
94 72
95 66
95 71
95 72
96 76
97 75
97 77
98 66
99 76
101 61
101 66
101 78
102 69
105 59
105 67
105 70
105 71
105 77
105 79
106 63
106 79
106 82
108 66
108 67
108 68
108 82
109 64
109 67
109 75
109 82
110 58
110 59
110 68
110 77
110 82
111 55
111 58
111 69
111 70
111 82
112 72
112 74
113 68
113 70
113 76
114 58
114 63
114 78
115 57
115 76
115 78
116 64
116 66
116 78
116 81
117 70
117 84
118 56
118 59
118 73
119 67
119 69
119 73
119 74
119 77
119 78
119 79
119 80
119 81
120 56
120 60
120 64
121 56
121 62
121 68
121 72
121 87
121 88
121 89
121 90
121 91
122 54
122 72
122 93
123 56
123 58
123 71
123 72
123 78
123 80
124 72
124 81
125 54
125 56
125 62
125 72
125 90
126 58
126 82
126 86
127 71
127 73
127 79
127 85
127 88
128 53
128 57
128 59
128 60
128 69
128 89
128 93
128 95
129 53
129 56
129 64
129 85
130 53
130 63
130 64
130 89
130 96
131 63
131 72
131 83
131 96
132 56
132 58
132 63
132 71
132 77
132 80
132 84
132 87
132 88
132 90
132 93
133 53
133 58
133 61
133 62
134 53
134 56
134 62
134 70
134 72
135 53
135 60
135 68
135 84
135 87
136 56
136 80
136 84
137 84
137 85
137 87
139 61
139 78
139 85
140 72
140 89
141 58
141 76
142 79
142 84
143 73
143 74
143 75
143 76
143 80
145 84
145 89
