# step:39000
12 76
14 75
16 74
17 71
18 70
21 74
22 65
22 74
23 67
25 69
27 70
27 76
27 77
27 78
28 73
29 77
32 78
33 71
34 70
37 74
38 65
38 74
39 67
41 69
43 70
43 76
43 77
43 78
44 73
45 77
48 78
49 71
50 70
53 74
54 65
54 74
55 67
57 69
59 70
59 76
59 77
59 78
60 73
61 77
64 78
65 71
66 70
69 74
70 65
70 74
71 67
73 69
75 70
75 76
75 77
75 78
76 73
77 77
80 78
81 71
82 70
85 74
86 65
86 74
87 67
89 69
91 70
91 76
91 77
91 78
92 73
93 77
95 69
95 70
96 78
97 66
98 67
98 68
98 69
99 71
100 77
101 63
101 64
102 60
102 65
102 72
102 78
102 79
102 80
102 81
103 76
104 62
104 75
105 64
105 78
106 62
106 65
107 76
107 78
107 79
108 74
108 79
110 63
110 74
111 59
111 64
111 71
111 80
111 81
112 64
112 68
113 71
114 57
115 55
115 65
115 67
115 75
115 77
116 55
117 76
117 79
118 57
118 58
118 79
119 56
119 64
120 62
120 69
120 82
121 73
121 75
122 65
122 89
123 75
124 88
124 91
125 61
125 66
125 76
125 77
125 84
125 87
125 88
125 89
125 93
126 87
126 88
126 93
127 57
127 68
127 74
127 82
127 90
128 74
128 81
128 87
129 57
129 58
129 66
129 70
129 89
130 79
130 86
130 93
131 53
131 56
131 65
131 67
131 93
131 94
131 95
132 53
132 67
132 82
133 73
133 87
133 90
134 67
134 68
134 73
135 56
135 78
136 59
136 81
137 60
137 75
138 62
138 80
139 56
139 60
139 76
139 88
140 57
140 60
140 79
140 84
140 88
141 75
142 87
142 89
143 84
143 89
145 83
145 86
145 87
