# step:39000
13 78
14 76
14 78
16 72
16 75
17 66
17 67
18 65
19 64
19 75
20 64
20 69
20 75
24 65
24 68
24 72
24 75
26 64
26 70
27 64
27 79
28 65
28 66
28 79
29 69
30 77
32 72
32 74
33 66
33 67
34 65
35 64
35 75
36 64
36 69
36 75
40 65
40 68
40 72
40 75
42 64
42 70
43 64
43 79
44 65
44 66
44 79
45 69
46 77
48 72
48 74
49 66
49 67
50 65
51 64
51 75
52 64
52 69
52 75
56 65
56 68
56 72
56 75
58 64
58 70
59 64
59 79
60 65
60 66
60 79
61 69
62 77
64 72
64 74
65 66
65 67
66 65
67 64
67 75
68 64
68 69
68 75
72 65
72 68
72 72
72 75
74 64
74 70
75 64
75 79
76 65
76 66
76 79
77 69
78 77
80 72
80 74
81 66
81 67
82 65
83 64
83 75
84 64
84 69
84 75
88 65
88 68
88 72
88 75
90 64
90 70
91 64
91 79
92 65
92 66
92 79
93 69
93 75
94 77
95 67
95 68
96 65
97 70
101 62
102 67
102 82
103 78
103 82
104 73
104 82
105 61
105 73
105 82
106 59
107 64
107 65
107 68
107 73
108 72
109 59
111 56
111 57
112 55
112 62
112 69
112 79
113 55
113 57
113 58
113 73
113 80
114 55
114 67
115 60
115 66
115 72
116 60
116 63
116 72
116 77
117 65
117 71
117 74
117 81
117 82
117 83
118 62
118 63
118 65
118 66
118 68
118 75
118 84
119 59
119 61
119 63
119 71
120 86
121 59
121 63
121 69
121 77
121 79
122 60
122 63
122 68
122 87
122 92
123 54
123 68
123 93
124 54
124 80
124 89
125 71
126 54
126 57
127 64
127 67
127 70
127 78
127 87
128 70
128 73
128 85
129 63
129 79
129 84
129 95
130 59
130 78
130 92
131 57
131 61
131 69
131 70
132 66
132 68
132 89
133 70
133 81
133 92
134 61
134 77
134 82
134 88
135 61
135 62
135 69
136 69
137 62
137 64
138 54
138 72
138 88
139 69
139 70
139 71
139 73
139 74
139 84
140 75
140 78
140 81
140 86
141 59
141 60
141 73
141 84
141 89
142 73
142 78
142 80
143 81
144 81
144 88
144 89
145 81
145 85
145 88
