# step:39000
14 74
15 73
15 77
18 76
19 65
19 70
24 70
25 73
27 75
28 67
28 68
29 70
29 71
30 73
32 75
34 76
35 65
35 70
40 70
41 73
43 75
44 67
44 68
45 70
45 71
46 73
48 75
50 76
51 65
51 70
56 70
57 73
59 75
60 67
60 68
61 70
61 71
62 73
64 75
66 76
67 65
67 70
72 70
73 73
75 75
76 67
76 68
77 70
77 71
78 73
80 75
82 76
83 65
83 70
88 70
89 73
91 75
92 67
92 68
93 70
93 71
94 73
95 73
95 75
97 72
98 76
101 77
102 66
102 70
102 73
103 64
103 79
104 67
104 74
105 68
105 74
105 75
105 81
106 68
106 77
106 81
107 59
107 69
107 81
108 59
109 65
109 72
110 61
110 67
111 60
111 76
112 61
112 70
113 65
113 66
113 69
114 65
114 69
116 76
117 55
117 64
118 77
118 83
119 76
119 84
120 57
120 76
120 81
120 85
121 76
122 67
122 88
122 90
123 61
123 67
123 77
123 85
124 56
124 77
124 84
124 87
124 93
126 60
126 64
126 77
126 81
127 58
127 76
127 89
127 94
128 62
128 88
129 59
129 77
129 83
129 88
130 73
130 83
130 90
131 80
131 84
131 87
131 88
131 92
132 57
132 74
132 75
132 81
133 57
133 64
133 76
133 78
133 89
133 91
134 57
134 58
134 64
134 65
134 75
135 57
136 64
136 73
136 74
136 75
137 63
137 69
137 73
138 55
138 69
138 75
138 76
138 78
138 79
138 85
140 74
141 82
143 88
145 82
