# step:39000
17 72
20 65
21 65
23 74
27 71
27 72
28 78
29 76
31 74
31 78
32 77
33 72
36 65
37 65
39 74
43 71
43 72
44 78
45 76
47 74
47 78
48 77
49 72
52 65
53 65
55 74
59 71
59 72
60 78
61 76
63 74
63 78
64 77
65 72
68 65
69 65
71 74
75 71
75 72
76 78
77 76
79 74
79 78
80 77
81 72
84 65
85 65
87 74
91 71
91 72
92 78
93 76
95 74
95 78
96 66
96 69
96 77
97 74
99 65
99 72
100 65
100 71
100 76
101 74
102 61
102 62
102 74
103 60
103 68
103 80
103 81
104 76
104 81
105 65
106 66
106 72
107 62
108 78
108 81
109 74
109 78
109 81
110 79
110 80
110 81
111 75
111 79
112 75
113 61
114 56
114 71
115 58
115 59
115 62
116 56
116 69
116 71
118 55
118 69
118 82
119 66
120 67
120 70
120 72
120 74
121 64
121 74
121 86
122 70
122 73
122 78
122 86
122 91
123 64
123 83
124 60
124 69
124 90
125 57
125 58
125 60
125 65
125 80
126 71
126 74
127 66
128 63
128 67
128 77
128 79
128 82
129 60
129 71
129 75
129 78
130 57
130 60
130 69
130 77
130 94
130 95
131 59
131 75
131 78
131 79
132 60
132 62
134 66
135 64
135 83
136 54
136 77
136 86
137 54
137 78
138 61
138 73
138 74
139 59
139 75
139 77
139 83
140 58
140 59
140 76
140 77
141 80
142 86
143 83
144 84
144 85
144 87
