# step:39000
13 75
18 67
18 71
19 68
20 72
21 73
22 73
24 69
25 65
25 67
25 68
25 75
26 71
28 69
28 77
29 72
29 75
31 73
34 67
34 71
35 68
36 72
37 73
38 73
40 69
41 65
41 67
41 68
41 75
42 71
44 69
44 77
45 72
45 75
47 73
50 67
50 71
51 68
52 72
53 73
54 73
56 69
57 65
57 67
57 68
57 75
58 71
60 69
60 77
61 72
61 75
63 73
66 67
66 71
67 68
68 72
69 73
70 73
72 69
73 65
73 67
73 68
73 75
74 71
76 69
76 77
77 72
77 75
79 73
82 67
82 71
83 68
84 72
85 73
86 73
88 69
89 65
89 67
89 68
89 75
90 71
92 69
92 77
93 72
93 78
94 78
96 70
97 71
98 74
99 68
99 75
101 70
101 76
102 63
103 65
103 67
103 71
103 75
104 60
104 63
105 60
106 75
107 74
108 64
108 71
109 60
109 73
110 60
110 72
111 67
112 63
112 67
113 56
113 62
113 74
113 79
114 73
114 80
115 56
115 80
116 80
118 61
118 67
118 81
119 55
119 68
119 83
120 55
120 65
120 84
121 55
121 80
122 61
122 62
122 66
122 69
122 77
122 79
122 83
123 57
123 60
123 73
124 66
124 75
125 64
125 67
125 82
125 83
125 91
126 66
126 75
126 92
127 77
128 66
128 75
128 76
128 80
129 72
129 86
130 58
130 62
130 85
131 90
132 92
134 59
134 85
135 54
135 79
135 82
136 71
136 72
137 71
137 72
138 56
138 58
138 87
139 57
140 82
140 87
141 78
141 79
142 77
144 86
