# step:39000
13 77
18 66
18 72
19 73
19 74
20 68
20 74
21 71
22 66
22 69
23 68
23 73
25 70
26 65
26 75
27 65
27 67
28 76
29 78
30 78
31 76
34 66
34 72
35 73
35 74
36 68
36 74
37 71
38 66
38 69
39 68
39 73
41 70
42 65
42 75
43 65
43 67
44 76
45 78
46 78
47 76
50 66
50 72
51 73
51 74
52 68
52 74
53 71
54 66
54 69
55 68
55 73
57 70
58 65
58 75
59 65
59 67
60 76
61 78
62 78
63 76
66 66
66 72
67 73
67 74
68 68
68 74
69 71
70 66
70 69
71 68
71 73
73 70
74 65
74 75
75 65
75 67
76 76
77 78
78 78
79 76
82 66
82 72
83 73
83 74
84 68
84 74
85 71
86 66
86 69
87 68
87 73
89 70
90 65
90 75
91 65
91 67
92 76
95 76
96 68
96 72
97 65
98 65
98 70
98 72
98 73
100 70
100 72
101 68
101 71
102 77
103 72
104 68
104 70
104 78
105 63
105 66
105 80
106 73
106 76
106 80
107 71
109 62
109 68
109 69
109 70
110 69
110 70
110 75
112 56
112 71
112 73
113 63
114 66
114 74
114 75
115 64
115 73
115 74
117 57
118 71
118 72
119 72
119 75
120 58
120 59
120 66
120 77
121 70
122 55
122 71
123 55
123 65
123 74
123 79
123 84
123 88
123 92
124 55
124 61
124 79
125 86
125 92
126 69
126 79
127 54
127 62
127 75
127 93
128 61
129 81
129 92
129 94
130 54
130 66
130 74
130 84
130 91
131 60
131 64
131 73
131 82
131 86
132 59
132 64
132 69
133 54
133 67
133 83
134 54
134 60
134 69
134 86
134 87
135 81
136 63
137 76
137 81
137 86
138 82
138 83
141 85
141 88
142 74
142 81
142 83
144 83
