# step:39000
14 77
15 75
18 73
18 75
19 66
19 72
20 70
20 71
20 73
21 72
22 67
25 72
26 69
27 66
27 68
28 75
29 73
34 73
34 75
35 66
35 72
36 70
36 71
36 73
37 72
38 67
41 72
42 69
43 66
43 68
44 75
45 73
50 73
50 75
51 66
51 72
52 70
52 71
52 73
53 72
54 67
57 72
58 69
59 66
59 68
60 75
61 73
66 73
66 75
67 66
67 72
68 70
68 71
68 73
69 72
70 67
73 72
74 69
75 66
75 68
76 75
77 73
82 73
82 75
83 66
83 72
84 70
84 71
84 73
85 72
86 67
89 72
90 69
91 66
91 68
92 75
93 73
96 67
96 71
97 69
101 65
101 72
102 68
102 76
103 61
103 62
104 66
104 71
104 79
105 69
106 64
106 69
106 70
107 70
107 77
107 80
108 63
108 69
108 70
109 79
110 64
111 68
112 77
113 64
114 64
114 77
115 63
115 70
116 65
116 74
117 58
117 62
117 69
117 73
117 77
117 78
118 64
118 78
119 82
120 61
120 63
120 75
120 78
120 80
121 65
121 71
121 78
122 59
122 74
122 75
123 59
123 62
123 87
123 89
123 91
124 58
124 68
125 55
125 69
125 79
126 55
126 59
126 67
126 84
126 89
126 90
127 55
127 56
127 59
127 61
127 80
127 86
127 91
128 78
128 84
128 94
129 54
129 65
129 68
129 74
129 91
130 65
130 70
130 72
130 75
131 54
131 58
132 54
132 72
132 73
132 78
132 86
133 59
133 68
133 74
133 75
133 80
133 88
134 74
134 76
134 78
135 71
135 74
135 75
137 74
137 79
138 57
138 59
138 70
138 84
139 58
139 81
140 73
141 83
142 75
142 76
142 88
144 82
