# step:80000
1 1
1 2
1 4
1 7
1 8
1 11
1 14
1 15
1 18
1 20
1 22
1 23
1 27
1 28
1 33
1 36
1 111
1 113
1 114
1 115
1 118
1 119
1 120
1 124
1 126
1 127
1 129
1 130
1 132
1 133
1 134
1 135
1 137
1 140
1 141
1 142
1 144
1 147
1 148
1 149
2 4
2 6
2 9
2 13
2 14
2 16
2 17
2 20
2 22
2 25
2 26
2 27
2 29
2 30
2 35
2 103
2 104
2 111
2 113
2 118
2 119
2 120
2 122
2 123
2 125
2 127
2 129
2 130
2 133
2 134
2 138
2 139
2 140
2 141
2 142
2 144
2 146
2 147
2 148
2 150
3 4
3 8
3 9
3 10
3 12
3 19
3 20
3 21
3 25
3 26
3 27
3 28
3 29
3 31
3 32
3 102
3 105
3 106
3 107
3 116
3 117
3 118
3 122
3 123
3 124
3 125
3 127
3 128
3 130
3 134
3 136
3 137
3 138
3 139
3 141
3 144
3 145
3 147
3 148
3 149
4 1
4 2
4 4
4 5
4 9
4 10
4 11
4 12
4 13
4 17
4 18
4 21
4 26
4 29
4 30
4 33
4 34
4 36
4 101
4 102
4 103
4 108
4 109
4 114
4 115
4 118
4 119
4 121
4 122
4 123
4 126
4 127
4 128
4 129
4 130
4 131
4 135
4 137
4 139
4 145
5 3
5 7
5 9
5 10
5 12
5 18
5 19
5 21
5 23
5 24
5 25
5 26
5 27
5 30
5 33
5 35
5 39
5 101
5 103
5 107
5 111
5 112
5 114
5 115
5 117
5 118
5 120
5 127
5 128
5 132
5 133
5 136
5 137
5 141
5 146
5 150
6 4
6 5
6 7
6 10
6 11
6 12
6 13
6 16
6 21
6 22
6 24
6 25
6 26
6 27
6 30
6 33
6 37
6 38
6 39
6 104
6 106
6 107
6 110
6 111
6 112
6 116
6 117
6 132
6 134
6 135
6 136
6 138
6 139
6 140
6 142
6 144
6 145
6 150
7 1
7 4
7 5
7 6
7 12
7 14
7 16
7 18
7 20
7 23
7 26
7 27
7 33
7 36
7 38
7 39
7 102
7 104
7 106
7 108
7 110
7 112
7 117
7 118
7 133
7 136
7 137
7 140
7 141
7 142
8 2
8 3
8 4
8 5
8 11
8 12
8 17
8 18
8 19
8 20
8 22
8 23
8 24
8 30
8 33
8 34
8 36
8 37
8 38
8 40
8 101
8 104
8 109
8 113
8 134
8 135
8 136
8 137
8 138
8 141
8 142
8 143
9 10
9 12
9 13
9 15
9 18
9 19
9 20
9 21
9 23
9 25
9 26
9 28
9 29
9 31
9 32
9 35
9 36
9 40
9 100
9 101
9 105
9 106
9 109
9 111
9 139
9 140
10 9
10 10
10 11
10 12
10 14
10 17
10 21
10 22
10 25
10 27
10 31
10 39
10 99
10 101
10 104
10 105
10 106
10 107
10 108
10 111
11 8
11 11
11 12
11 13
11 14
11 16
11 19
11 20
11 25
11 27
11 28
11 29
11 31
11 32
11 36
11 39
11 98
11 99
11 102
11 105
11 107
11 111
12 7
12 8
12 9
12 13
12 15
12 16
12 18
12 19
12 20
12 21
12 23
12 24
12 25
12 28
12 32
12 34
12 35
12 36
12 39
12 40
12 97
12 99
12 102
12 103
12 104
12 111
13 6
13 9
13 10
13 11
13 15
13 18
13 19
13 20
13 26
13 27
13 28
13 29
13 30
13 31
13 32
13 35
13 36
13 38
13 39
13 41
13 96
13 97
13 100
13 104
13 105
13 106
13 107
13 110
13 111
13 112
14 5
14 6
14 7
14 11
14 14
14 15
14 18
14 19
14 20
14 21
14 22
14 24
14 27
14 29
14 32
14 33
14 34
14 36
14 37
14 38
14 41
14 42
14 95
14 97
14 100
14 101
14 102
14 105
14 108
14 109
15 4
15 7
15 8
15 9
15 12
15 14
15 15
15 16
15 19
15 20
15 23
15 24
15 27
15 28
15 29
15 30
15 33
15 37
15 38
15 40
15 41
15 43
15 58
15 59
15 94
15 95
15 98
15 102
15 103
15 104
16 3
16 4
16 5
16 9
16 12
16 13
16 24
16 25
16 34
16 35
16 36
16 40
16 43
16 44
16 57
16 58
16 59
16 60
16 65
16 66
16 69
16 70
16 71
16 72
16 93
16 95
16 98
16 99
16 100
16 103
17 2
17 5
17 6
17 7
17 10
17 12
17 35
17 39
17 40
17 42
17 43
17 45
17 56
17 58
17 59
17 61
17 64
17 67
17 70
17 73
17 92
17 93
17 96
17 100
17 101
17 102
18 1
18 2
18 3
18 7
18 10
18 11
18 36
18 37
18 38
18 42
18 45
18 46
18 55
18 56
18 58
18 61
18 63
18 64
18 65
18 69
18 70
18 74
18 91
18 93
18 96
18 97
18 98
18 101
19 3
19 4
19 5
19 8
19 10
19 37
19 41
19 42
19 44
19 45
19 47
19 54
19 56
19 58
19 60
19 63
19 65
19 66
19 67
19 68
19 72
19 73
19 74
19 90
19 91
19 94
19 98
19 99
19 100
19 150
20 1
20 5
20 8
20 9
20 38
20 39
20 40
20 44
20 47
20 48
20 53
20 54
20 68
20 70
20 71
20 73
20 89
20 91
20 94
20 95
20 96
20 99
20 149
20 150
21 1
21 2
21 3
21 6
21 8
21 39
21 43
21 44
21 46
21 47
21 49
21 52
21 54
21 57
21 59
21 65
21 67
21 68
21 69
21 71
21 73
21 76
21 77
21 88
21 89
21 92
21 96
21 97
21 98
21 148
22 3
22 6
22 7
22 40
22 41
22 42
22 46
22 47
22 48
22 49
22 52
22 55
22 57
22 58
22 60
22 61
22 62
22 63
22 64
22 65
22 66
22 69
22 74
22 77
22 78
22 87
22 89
22 92
22 93
22 94
22 97
22 147
22 148
22 149
23 1
23 4
23 6
23 41
23 42
23 44
23 45
23 46
23 47
23 50
23 52
23 57
23 59
23 63
23 64
23 69
23 70
23 71
23 74
23 75
23 76
23 77
23 79
23 86
23 87
23 90
23 94
23 95
23 96
23 146
23 149
23 150
24 1
24 4
24 5
24 41
24 48
24 53
24 54
24 56
24 59
24 61
24 65
24 66
24 67
24 69
24 70
24 76
24 79
24 85
24 87
24 90
24 91
24 92
24 95
24 145
24 146
24 147
25 2
25 4
25 42
25 43
25 45
25 47
25 51
25 54
25 56
25 57
25 59
25 61
25 62
25 64
25 66
25 67
25 68
25 69
25 70
25 71
25 73
25 74
25 75
25 78
25 84
25 85
25 88
25 92
25 93
25 94
25 144
25 147
25 148
25 149
26 2
26 3
26 42
26 43
26 46
26 48
26 50
26 52
26 55
26 57
26 58
26 62
26 65
26 66
26 72
26 76
26 83
26 85
26 88
26 89
26 90
26 93
26 143
26 144
26 145
26 149
27 2
27 40
27 42
27 44
27 49
27 52
27 53
27 56
27 59
27 60
27 62
27 63
27 64
27 66
27 68
27 70
27 71
27 74
27 75
27 76
27 79
27 80
27 81
27 82
27 83
27 86
27 90
27 91
27 92
27 142
27 145
27 146
27 147
27 150
28 1
28 39
28 42
28 44
28 45
28 46
28 47
28 49
28 52
28 53
28 54
28 58
28 59
28 60
28 64
28 65
28 67
28 68
28 70
28 71
28 75
28 78
28 79
28 82
28 83
28 86
28 87
28 88
28 91
28 141
28 142
28 143
28 147
28 150
29 39
29 41
29 42
29 44
29 46
29 47
29 48
29 51
29 52
29 55
29 57
29 60
29 61
29 62
29 63
29 64
29 65
29 66
29 68
29 69
29 70
29 71
29 72
29 73
29 75
29 76
29 78
29 80
29 81
29 82
29 84
29 88
29 89
29 90
29 140
29 143
29 144
29 145
29 148
29 150
30 40
30 41
30 46
30 48
30 49
30 50
30 51
30 52
30 53
30 57
30 60
30 61
30 63
30 67
30 68
30 69
30 70
30 71
30 72
30 73
30 74
30 75
30 76
30 77
30 78
30 79
30 80
30 82
30 84
30 85
30 86
30 89
30 139
30 140
30 141
30 145
30 148
30 149
31 41
31 42
31 44
31 45
31 46
31 47
31 49
31 50
31 51
31 52
31 54
31 58
31 59
31 60
31 62
31 64
31 66
31 67
31 72
31 74
31 75
31 76
31 77
31 78
31 82
31 86
31 87
31 88
31 138
31 141
31 142
31 143
31 146
31 148
32 43
32 51
32 53
32 58
32 60
32 63
32 64
32 65
32 69
32 70
32 72
32 76
32 78
32 79
32 82
32 83
32 84
32 87
32 137
32 138
32 139
32 143
32 146
32 147
33 42
33 43
33 44
33 46
33 47
33 51
33 54
33 55
33 57
33 58
33 61
33 63
33 64
33 66
33 67
33 69
33 71
33 76
33 77
33 78
33 80
33 81
33 85
33 87
33 136
33 139
33 140
33 141
33 144
33 146
34 42
34 45
34 48
34 49
34 50
34 51
34 53
34 54
34 56
34 60
34 61
34 64
34 65
34 69
34 70
34 72
34 74
34 75
34 76
34 77
34 83
34 85
34 87
34 88
34 135
34 136
34 137
34 141
34 144
34 145
35 46
35 48
35 53
35 54
35 55
35 56
35 57
35 58
35 59
35 60
35 61
35 66
35 67
35 69
35 71
35 72
35 73
35 77
35 80
35 81
35 82
35 83
35 85
35 86
35 87
35 89
35 134
35 137
35 138
35 139
35 142
35 144
36 43
36 44
36 45
36 48
36 50
36 51
36 52
36 53
36 54
36 56
36 59
36 60
36 61
36 62
36 65
36 66
36 69
36 70
36 71
36 72
36 76
36 77
36 79
36 80
36 81
36 82
36 85
36 87
36 88
36 89
36 91
36 92
36 93
36 94
36 133
36 134
36 135
36 139
36 142
36 143
37 43
37 45
37 46
37 48
37 51
37 52
37 54
37 55
37 56
37 58
37 60
37 61
37 64
37 67
37 69
37 70
37 71
37 74
37 77
37 78
37 79
37 82
37 83
37 85
37 92
37 95
37 132
37 135
37 136
37 137
37 140
37 142
38 44
38 48
38 49
38 51
38 52
38 53
38 54
38 55
38 56
38 57
38 58
38 60
38 61
38 62
38 64
38 65
38 66
38 68
38 69
38 70
38 71
38 72
38 73
38 74
38 77
38 80
38 81
38 83
38 84
38 89
38 90
38 91
38 92
38 96
38 131
38 132
38 133
38 137
38 140
38 141
39 46
39 47
39 48
39 49
39 50
39 51
39 52
39 53
39 55
39 58
39 59
39 60
39 61
39 62
39 63
39 64
39 65
39 66
39 74
39 75
39 76
39 78
39 79
39 81
39 82
39 87
39 91
39 96
39 130
39 133
39 134
39 135
39 138
39 140
40 46
40 48
40 52
40 53
40 55
40 57
40 59
40 60
40 63
40 64
40 65
40 66
40 68
40 69
40 70
40 72
40 74
40 75
40 76
40 78
40 80
40 81
40 82
40 85
40 86
40 88
40 89
40 91
40 92
40 95
40 129
40 130
40 131
40 135
40 138
40 139
41 47
41 52
41 58
41 59
41 60
41 62
41 63
41 65
41 68
41 69
41 70
41 71
41 72
41 73
41 74
41 76
41 78
41 80
41 81
41 84
41 85
41 86
41 87
41 90
41 91
41 92
41 94
41 95
41 100
41 101
41 128
41 131
41 132
41 133
41 136
41 138
42 48
42 50
42 51
42 53
42 55
42 60
42 62
42 64
42 67
42 70
42 71
42 72
42 73
42 77
42 78
42 79
42 81
42 82
42 83
42 85
42 87
42 90
42 92
42 93
42 94
42 96
42 101
42 102
42 127
42 128
42 129
42 133
42 136
42 137
43 49
43 51
43 53
43 54
43 58
43 59
43 61
43 63
43 64
43 66
43 67
43 68
43 69
43 70
43 74
43 77
43 78
43 79
43 87
43 89
43 91
43 94
43 95
43 96
43 98
43 100
43 101
43 103
43 126
43 129
43 130
43 131
43 134
43 136
44 50
44 51
44 53
44 54
44 55
44 56
44 57
44 62
44 63
44 64
44 65
44 71
44 73
44 75
44 76
44 79
44 82
44 85
44 88
44 90
44 92
44 98
44 100
44 103
44 125
44 126
44 127
44 131
44 134
44 135
45 48
45 49
45 51
45 54
45 58
45 60
45 62
45 63
45 65
45 66
45 69
45 72
45 76
45 78
45 80
45 82
45 83
45 87
45 88
45 93
45 95
45 96
45 97
45 102
45 124
45 127
45 128
45 129
45 132
45 134
46 48
46 51
46 53
46 54
46 58
46 59
46 61
46 62
46 64
46 67
46 75
46 76
46 77
46 78
46 80
46 83
46 84
46 85
46 89
46 90
46 91
46 94
46 98
46 99
46 123
46 124
46 125
46 129
46 132
46 133
47 48
47 55
47 63
47 65
47 68
47 70
47 74
47 75
47 76
47 79
47 80
47 81
47 83
47 85
47 86
47 87
47 88
47 89
47 91
47 95
47 97
47 99
47 101
47 103
47 122
47 125
47 126
47 127
47 130
47 132
48 48
48 49
48 51
48 55
48 60
48 61
48 62
48 63
48 64
48 65
48 66
48 68
48 70
48 71
48 72
48 74
48 76
48 77
48 78
48 79
48 81
48 84
48 85
48 89
48 91
48 93
48 95
48 101
48 102
48 103
48 121
48 122
48 123
48 127
48 130
48 131
49 42
49 43
49 46
49 48
49 57
49 58
49 59
49 60
49 65
49 66
49 67
49 68
49 69
49 71
49 77
49 78
49 79
49 80
49 82
49 83
49 85
49 87
49 89
49 90
49 92
49 96
49 97
49 102
49 120
49 123
49 124
49 125
49 128
49 130
50 41
50 44
50 50
50 52
50 53
50 54
50 55
50 56
50 58
50 59
50 60
50 61
50 62
50 64
50 65
50 67
50 69
50 70
50 72
50 74
50 75
50 76
50 77
50 81
50 83
50 85
50 86
50 87
50 94
50 96
50 98
50 102
50 119
50 120
50 121
50 125
50 128
50 129
51 40
51 41
51 42
51 46
51 47
51 50
51 52
51 53
51 54
51 55
51 56
51 60
51 61
51 72
51 73
51 74
51 75
51 76
51 77
51 78
51 83
51 84
51 85
51 87
51 90
51 93
51 94
51 95
51 97
51 98
51 99
51 100
51 101
51 103
51 118
51 121
51 122
51 123
51 126
51 128
52 40
52 42
52 43
52 44
52 45
52 47
52 48
52 49
52 50
52 53
52 54
52 56
52 57
52 59
52 60
52 61
52 63
52 64
52 65
52 66
52 67
52 70
52 72
52 74
52 75
52 76
52 77
52 79
52 80
52 81
52 82
52 84
52 85
52 86
52 89
52 91
52 92
52 93
52 100
52 103
52 117
52 118
52 119
52 123
52 126
52 127
53 45
53 48
53 50
53 52
53 57
53 58
53 61
53 62
53 63
53 66
53 71
53 73
53 76
53 80
53 82
53 83
53 84
53 85
53 86
53 89
53 90
53 93
53 95
53 96
53 99
53 100
53 101
53 103
53 116
53 119
53 120
53 121
53 124
53 126
54 42
54 44
54 45
54 47
54 49
54 50
54 55
54 58
54 60
54 69
54 70
54 75
54 78
54 79
54 81
54 83
54 85
54 86
54 88
54 91
54 92
54 94
54 95
54 97
54 98
54 99
54 100
54 102
54 103
54 104
54 115
54 116
54 117
54 121
54 124
54 125
55 44
55 45
55 46
55 49
55 50
55 51
55 55
55 56
55 61
55 62
55 65
55 66
55 67
55 68
55 73
55 74
55 75
55 76
55 78
55 79
55 80
55 81
55 82
55 83
55 85
55 87
55 88
55 89
55 90
55 91
55 92
55 94
55 95
55 96
55 97
55 100
55 101
55 102
55 103
55 104
55 114
55 117
55 118
55 119
55 122
55 124
56 43
56 44
56 45
56 46
56 47
56 48
56 51
56 52
56 53
56 54
56 55
56 57
56 60
56 64
56 65
56 73
56 74
56 75
56 76
56 77
56 78
56 79
56 80
56 85
56 87
56 96
56 97
56 98
56 100
56 101
56 102
56 104
56 113
56 114
56 115
56 119
56 122
56 123
57 42
57 43
57 49
57 50
57 55
57 57
57 58
57 59
57 63
57 64
57 68
57 72
57 74
57 75
57 76
57 77
57 79
57 83
57 85
57 86
57 87
57 89
57 91
57 95
57 96
57 97
57 101
57 103
57 104
57 105
57 112
57 115
57 116
57 117
57 120
57 122
58 41
58 43
58 46
58 49
58 50
58 52
58 53
58 57
58 64
58 65
58 68
58 70
58 71
58 73
58 78
58 80
58 83
58 85
58 87
58 89
58 90
58 92
58 93
58 94
58 96
58 97
58 99
58 101
58 102
58 103
58 104
58 105
58 111
58 112
58 113
58 117
58 120
58 121
59 40
59 41
59 44
59 48
59 49
59 52
59 54
59 58
59 59
59 61
59 69
59 70
59 73
59 74
59 78
59 79
59 80
59 84
59 85
59 86
59 87
59 88
59 90
59 91
59 92
59 95
59 96
59 97
59 100
59 101
59 102
59 105
59 110
59 113
59 114
59 115
59 118
59 120
60 39
60 41
60 44
60 45
60 46
60 50
60 52
60 53
60 55
60 59
60 60
60 61
60 70
60 71
60 75
60 77
60 78
60 79
60 81
60 83
60 84
60 89
60 91
60 92
60 94
60 95
60 99
60 100
60 102
60 103
60 104
60 106
60 109
60 110
60 111
60 115
60 118
60 119
61 38
61 39
61 42
61 46
61 47
61 48
61 51
61 54
61 57
61 60
61 75
61 77
61 78
61 79
61 81
61 82
61 83
61 84
61 85
61 88
61 89
61 90
61 94
61 98
61 99
61 100
61 104
61 106
61 108
61 111
61 112
61 113
61 116
61 118
62 37
62 39
62 42
62 43
62 44
62 47
62 54
62 55
62 58
62 59
62 77
62 78
62 80
62 81
62 85
62 89
62 90
62 97
62 98
62 101
62 107
62 108
62 109
62 113
62 116
62 117
63 36
63 37
63 40
63 44
63 45
63 46
63 79
63 81
63 87
63 88
63 90
63 91
63 94
63 95
63 96
63 98
63 102
63 104
63 106
63 109
63 110
63 111
63 114
63 116
64 35
64 37
64 40
64 41
64 42
64 45
64 76
64 80
64 81
64 83
64 84
64 86
64 87
64 91
64 92
64 94
64 95
64 96
64 98
64 99
64 105
64 111
64 114
64 115
65 34
65 35
65 38
65 42
65 43
65 44
65 76
65 77
65 82
65 87
65 88
65 90
65 94
65 96
65 99
65 100
65 101
65 102
65 105
65 106
65 107
65 109
65 112
65 114
66 33
66 35
66 38
66 39
66 40
66 43
66 76
66 79
66 80
66 81
66 84
66 85
66 87
66 89
66 90
66 92
66 93
66 95
66 100
66 105
66 106
66 108
66 112
66 113
67 32
67 33
67 36
67 40
67 41
67 42
67 77
67 78
67 81
67 82
67 84
67 87
67 88
67 90
67 91
67 92
67 94
67 97
67 99
67 100
67 106
67 108
67 109
67 112
68 31
68 33
68 36
68 37
68 38
68 41
68 77
68 79
68 81
68 82
68 84
68 85
68 86
68 95
68 97
68 98
68 99
68 102
68 105
68 108
68 109
68 111
69 30
69 31
69 34
69 38
69 39
69 40
69 76
69 77
69 79
69 81
69 82
69 84
69 86
69 88
69 89
69 92
69 93
69 94
69 96
69 98
69 99
69 103
69 105
69 106
69 107
69 109
70 29
70 31
70 34
70 35
70 36
70 39
70 75
70 78
70 80
70 81
70 82
70 84
70 86
70 87
70 89
70 92
70 93
70 94
70 95
70 98
70 100
70 101
70 105
70 106
70 110
70 112
71 28
71 29
71 32
71 36
71 37
71 38
71 74
71 75
71 76
71 80
71 83
71 86
71 90
71 91
71 92
71 95
71 96
71 98
71 99
71 100
71 101
71 104
71 107
71 110
71 111
71 112
72 27
72 29
72 32
72 33
72 34
72 37
72 73
72 76
72 77
72 78
72 79
72 80
72 81
72 82
72 84
72 85
72 86
72 90
72 91
72 92
72 96
72 98
72 99
72 100
72 101
72 106
72 108
72 111
73 26
73 27
73 30
73 34
73 35
73 36
73 72
73 73
73 74
73 78
73 80
73 84
73 85
73 86
73 89
73 90
73 91
73 92
73 93
73 95
73 98
73 106
73 109
73 110
74 25
74 27
74 30
74 31
74 32
74 35
74 71
74 74
74 75
74 76
74 80
74 83
74 84
74 87
74 93
74 94
74 95
74 96
74 98
74 99
74 100
74 101
74 102
74 105
75 24
75 25
75 28
75 32
75 33
75 34
75 70
75 71
75 72
75 76
75 79
75 83
75 84
75 86
75 89
75 90
75 92
75 93
75 95
75 98
75 101
75 103
76 23
76 25
76 28
76 29
76 30
76 33
76 69
76 72
76 73
76 74
76 77
76 79
76 80
76 82
76 83
76 85
76 86
76 87
76 89
76 90
76 91
76 92
76 96
76 98
77 22
77 23
77 26
77 30
77 31
77 32
77 68
77 69
77 70
77 74
77 77
77 78
77 81
77 82
77 89
77 93
77 97
77 98
77 100
77 102
77 103
77 105
78 21
78 23
78 26
78 27
78 28
78 31
78 67
78 70
78 71
78 72
78 75
78 77
78 82
78 83
78 94
78 95
78 96
78 97
78 98
78 102
78 105
78 106
79 20
79 21
79 24
79 28
79 29
79 30
79 66
79 67
79 68
79 72
79 75
79 76
79 92
79 94
79 96
79 97
79 98
79 101
79 102
79 104
79 105
79 107
80 19
80 21
80 24
80 25
80 26
80 29
80 65
80 68
80 69
80 70
80 73
80 75
80 91
80 94
80 98
80 99
80 100
80 104
80 107
80 108
81 18
81 19
81 22
81 26
81 27
81 28
81 64
81 65
81 66
81 70
81 73
81 74
81 91
81 93
81 94
81 96
81 99
81 103
81 104
81 106
81 107
81 109
82 17
82 19
82 22
82 23
82 24
82 27
82 63
82 66
82 67
82 68
82 71
82 73
82 92
82 93
82 100
82 101
82 102
82 106
82 109
82 110
83 16
83 17
83 20
83 24
83 25
83 26
83 62
83 63
83 64
83 68
83 71
83 72
83 93
83 94
83 101
83 105
83 106
83 108
83 109
83 111
84 15
84 17
84 20
84 21
84 22
84 25
84 61
84 64
84 65
84 66
84 69
84 71
84 102
84 103
84 104
84 108
84 111
84 112
85 14
85 15
85 18
85 22
85 23
85 24
85 60
85 61
85 62
85 66
85 69
85 70
85 103
85 107
85 108
85 110
85 111
85 113
86 13
86 15
86 18
86 19
86 20
86 23
86 59
86 62
86 63
86 64
86 67
86 69
86 104
86 105
86 106
86 110
86 113
86 114
87 12
87 13
87 16
87 20
87 21
87 22
87 58
87 59
87 60
87 64
87 67
87 68
87 105
87 109
87 110
87 112
87 113
87 115
88 11
88 13
88 16
88 17
88 18
88 21
88 57
88 60
88 61
88 62
88 65
88 67
88 106
88 107
88 108
88 112
88 115
88 116
89 10
89 11
89 14
89 18
89 19
89 20
89 56
89 57
89 58
89 62
89 65
89 66
89 107
89 111
89 112
89 114
89 115
89 117
90 3
90 4
90 5
90 6
90 7
90 8
90 9
90 11
90 14
90 15
90 16
90 19
90 55
90 58
90 59
90 60
90 63
90 65
90 108
90 109
90 110
90 114
90 117
90 118
91 1
91 4
91 6
91 7
91 9
91 12
91 16
91 17
91 18
91 54
91 55
91 56
91 60
91 63
91 64
91 109
91 113
91 114
91 116
91 117
91 119
91 150
92 1
92 4
92 5
92 6
92 7
92 12
92 13
92 14
92 17
92 53
92 56
92 57
92 58
92 61
92 63
92 110
92 111
92 112
92 116
92 119
92 120
92 149
93 1
93 5
93 8
93 10
93 14
93 15
93 16
93 52
93 53
93 54
93 58
93 61
93 62
93 111
93 115
93 116
93 118
93 119
93 121
93 148
93 149
93 150
94 1
94 2
94 4
94 5
94 6
94 7
94 8
94 9
94 12
94 15
94 51
94 54
94 55
94 56
94 59
94 61
94 112
94 113
94 114
94 118
94 121
94 122
94 148
94 150
95 3
95 4
95 5
95 6
95 8
95 9
95 11
95 15
95 50
95 51
95 52
95 56
95 59
95 60
95 113
95 117
95 118
95 120
95 121
95 123
95 130
95 131
95 146
95 147
96 2
96 4
96 7
96 9
96 10
96 11
96 12
96 13
96 14
96 15
96 16
96 49
96 52
96 53
96 54
96 57
96 59
96 114
96 115
96 116
96 120
96 123
96 124
96 129
96 130
96 131
96 132
96 145
96 148
96 150
97 1
97 2
97 3
97 4
97 9
97 14
97 15
97 16
97 48
97 49
97 50
97 54
97 57
97 58
97 115
97 119
97 120
97 122
97 123
97 125
97 128
97 130
97 131
97 133
97 144
97 145
97 146
97 150
98 1
98 2
98 5
98 6
98 7
98 9
98 11
98 12
98 15
98 43
98 44
98 47
98 50
98 51
98 52
98 55
98 57
98 116
98 117
98 118
98 122
98 125
98 126
98 127
98 128
98 130
98 133
98 144
98 146
98 147
98 148
98 149
99 1
99 4
99 6
99 10
99 12
99 13
99 40
99 41
99 42
99 45
99 46
99 47
99 48
99 52
99 55
99 56
99 117
99 121
99 122
99 124
99 125
99 128
99 130
99 132
99 138
99 139
99 142
99 143
99 149
99 150
100 1
100 2
100 3
100 4
100 6
100 8
100 9
100 41
100 42
100 43
100 48
100 49
100 50
100 53
100 55
100 118
100 119
100 120
100 124
100 133
100 134
100 139
100 140
100 141
100 144
100 146
100 147
100 148
101 3
101 4
101 5
101 6
101 7
101 8
101 12
101 13
101 15
101 22
101 23
101 26
101 27
101 41
101 43
101 49
101 50
101 53
101 54
101 119
101 123
101 124
101 126
101 129
101 130
101 131
101 134
101 139
101 141
101 142
101 145
101 147
102 1
102 3
102 5
102 6
102 7
102 9
102 10
102 11
102 13
102 16
102 21
102 24
102 27
102 28
102 29
102 30
102 31
102 32
102 35
102 36
102 39
102 42
102 43
102 44
102 46
102 47
102 48
102 49
102 51
102 53
102 120
102 121
102 122
102 129
102 131
102 132
102 133
102 134
102 135
102 136
102 137
102 139
102 142
102 145
102 147
102 149
103 1
103 2
103 5
103 10
103 12
103 14
103 15
103 16
103 20
103 21
103 22
103 26
103 27
103 30
103 31
103 33
103 34
103 37
103 40
103 44
103 47
103 48
103 51
103 52
103 121
103 125
103 127
103 128
103 130
103 133
103 135
103 139
103 140
103 141
103 143
103 147
103 148
103 149
104 2
104 3
104 4
104 6
104 9
104 10
104 11
104 12
104 13
104 20
104 22
104 23
104 24
104 25
104 26
104 32
104 34
104 35
104 39
104 43
104 47
104 49
104 51
104 115
104 116
104 117
104 118
104 122
104 123
104 124
104 129
104 130
104 134
104 135
104 139
104 140
104 141
104 142
104 143
104 145
104 146
104 149
105 2
105 3
105 6
105 7
105 9
105 10
105 14
105 17
105 25
105 29
105 30
105 35
105 36
105 37
105 38
105 39
105 40
105 41
105 42
105 43
105 49
105 50
105 114
105 119
105 123
105 126
105 133
105 134
105 138
105 139
105 140
105 141
105 143
105 145
105 147
105 149
106 1
106 2
106 5
106 8
106 10
106 11
106 13
106 14
106 15
106 16
106 17
106 22
106 23
106 27
106 29
106 31
106 33
106 38
106 44
106 46
106 49
106 113
106 114
106 115
106 120
106 124
106 125
106 127
106 128
106 132
106 134
106 135
106 141
106 142
106 145
106 148
107 3
107 4
107 6
107 9
107 10
107 12
107 13
107 14
107 15
107 17
107 20
107 21
107 24
107 27
107 30
107 31
107 32
107 33
107 35
107 36
107 37
107 38
107 47
107 49
107 113
107 114
107 115
107 120
107 122
107 123
107 125
107 126
107 127
107 128
107 129
107 130
107 133
107 134
107 135
107 136
107 137
107 139
107 141
107 143
107 144
107 145
107 146
107 147
107 149
107 150
108 1
108 3
108 7
108 8
108 11
108 16
108 17
108 18
108 19
108 22
108 26
108 27
108 28
108 29
108 31
108 34
108 36
108 40
108 41
108 44
108 45
108 48
108 49
108 50
108 114
108 119
108 123
108 124
108 125
108 126
108 132
108 133
108 135
108 137
108 139
108 140
108 141
108 142
108 143
108 144
109 3
109 6
109 7
109 8
109 13
109 14
109 17
109 22
109 38
109 44
109 49
109 51
109 114
109 116
109 122
109 124
109 127
109 130
109 132
109 133
109 135
109 139
109 140
109 141
109 143
109 144
109 147
109 150
110 1
110 3
110 5
110 9
110 12
110 13
110 17
110 20
110 21
110 23
110 27
110 29
110 31
110 34
110 36
110 37
110 38
110 43
110 46
110 51
110 113
110 117
110 118
110 119
110 120
110 121
110 123
110 124
110 127
110 128
110 129
110 131
110 132
110 133
110 138
110 139
110 143
110 145
110 146
110 147
110 149
110 150
111 3
111 16
111 17
111 18
111 21
111 22
111 24
111 27
111 29
111 31
111 33
111 36
111 39
111 40
111 41
111 42
111 43
111 44
111 46
111 47
111 50
111 113
111 114
111 115
111 118
111 119
111 123
111 126
111 127
111 128
111 129
111 131
111 132
111 133
111 136
111 137
111 138
111 143
111 144
111 150
112 1
112 2
112 3
112 5
112 7
112 9
112 10
112 11
112 16
112 22
112 24
112 25
112 27
112 28
112 29
112 30
112 32
112 41
112 42
112 43
112 45
112 49
112 50
112 111
112 112
112 115
112 117
112 118
112 119
112 120
112 121
112 123
112 125
112 126
112 127
112 129
112 130
112 131
112 132
112 133
112 138
112 140
112 142
112 144
112 145
113 1
113 3
113 7
113 10
113 12
113 16
113 17
113 20
113 24
113 25
113 28
113 31
113 32
113 33
113 34
113 35
113 37
113 38
113 40
113 41
113 42
113 44
113 45
113 47
113 48
113 49
113 50
113 110
113 113
113 116
113 117
113 118
113 119
113 120
113 121
113 122
113 125
113 128
113 130
113 131
113 133
113 134
113 135
113 136
113 137
113 145
113 147
113 148
114 1
114 3
114 4
114 5
114 7
114 10
114 11
114 12
114 13
114 16
114 17
114 18
114 19
114 20
114 21
114 27
114 29
114 31
114 32
114 33
114 39
114 41
114 42
114 43
114 44
114 45
114 46
114 47
114 49
114 109
114 114
114 116
114 118
114 119
114 121
114 122
114 124
114 129
114 130
114 131
114 132
114 134
114 135
114 139
114 140
114 141
114 144
114 147
114 148
114 149
115 1
115 3
115 4
115 6
115 10
115 16
115 17
115 18
115 26
115 28
115 29
115 30
115 33
115 38
115 39
115 40
115 41
115 43
115 44
115 47
115 48
115 109
115 111
115 112
115 113
115 114
115 116
115 117
115 119
115 125
115 128
115 134
115 135
115 140
115 142
115 143
115 145
115 146
115 148
115 150
116 3
116 5
116 7
116 8
116 9
116 15
116 17
116 18
116 19
116 20
116 24
116 25
116 27
116 30
116 31
116 32
116 33
116 34
116 37
116 38
116 39
116 40
116 41
116 42
116 45
116 46
116 110
116 115
116 116
116 117
116 118
116 121
116 123
116 124
116 126
116 128
116 134
116 135
116 138
116 142
116 147
116 150
117 2
117 4
117 8
117 9
117 10
117 11
117 12
117 13
117 16
117 17
117 18
117 19
117 21
117 25
117 27
117 30
117 31
117 32
117 33
117 34
117 35
117 38
117 40
117 41
117 44
117 45
117 46
117 113
117 117
117 119
117 120
117 121
117 124
117 125
117 126
117 128
117 129
117 131
117 132
117 134
117 135
117 139
117 140
117 143
117 144
117 148
117 149
117 150
118 1
118 3
118 4
118 9
118 10
118 14
118 15
118 16
118 21
118 22
118 23
118 25
118 34
118 35
118 36
118 37
118 42
118 45
118 116
118 117
118 118
118 119
118 120
118 121
118 122
118 123
118 124
118 125
118 126
118 127
118 128
118 131
118 132
118 133
118 135
118 140
118 141
118 144
118 145
118 147
118 149
118 150
119 3
119 6
119 7
119 8
119 9
119 11
119 12
119 14
119 15
119 16
119 17
119 20
119 23
119 24
119 26
119 27
119 28
119 29
119 31
119 32
119 33
119 36
119 38
119 41
119 43
119 44
119 108
119 109
119 110
119 111
119 114
119 115
119 117
119 118
119 120
119 123
119 127
119 130
119 131
119 134
119 135
119 136
119 137
119 139
119 141
119 143
119 144
119 146
119 148
119 150
120 2
120 3
120 4
120 7
120 8
120 14
120 17
120 21
120 23
120 25
120 27
120 31
120 33
120 35
120 36
120 37
120 38
120 41
120 107
120 112
120 114
120 118
120 119
120 120
120 122
120 125
120 126
120 128
120 129
120 130
120 132
120 134
120 135
120 137
120 138
120 139
120 142
120 143
120 144
120 147
120 149
121 2
121 4
121 5
121 7
121 8
121 9
121 10
121 11
121 12
121 13
121 14
121 17
121 20
121 22
121 23
121 24
121 26
121 27
121 31
121 35
121 36
121 39
121 40
121 106
121 107
121 108
121 116
121 117
121 118
121 121
121 122
121 125
121 128
121 129
121 130
121 131
121 133
121 135
121 136
121 139
121 142
121 148
121 149
121 150
122 5
122 8
122 9
122 11
122 18
122 22
122 25
122 26
122 30
122 31
122 32
122 34
122 35
122 37
122 40
122 106
122 108
122 112
122 113
122 114
122 116
122 117
122 118
122 119
122 123
122 126
122 127
122 128
122 131
122 134
122 139
122 140
122 143
122 144
122 145
122 147
122 148
122 149
123 2
123 3
123 5
123 7
123 10
123 12
123 14
123 15
123 16
123 18
123 19
123 20
123 24
123 26
123 30
123 31
123 32
123 34
123 35
123 38
123 40
123 112
123 113
123 115
123 116
123 119
123 120
123 121
123 122
123 123
123 126
123 127
123 132
123 133
123 135
123 137
123 142
123 143
123 146
123 148
124 1
124 4
124 6
124 8
124 10
124 11
124 13
124 17
124 18
124 22
124 24
124 26
124 31
124 34
124 38
124 39
124 107
124 112
124 115
124 116
124 120
124 121
124 122
124 123
124 124
124 127
124 129
124 132
124 133
124 134
124 138
124 139
124 140
124 141
124 142
124 143
124 145
124 147
124 148
124 149
125 2
125 3
125 5
125 7
125 8
125 10
125 12
125 14
125 16
125 18
125 20
125 21
125 22
125 25
125 28
125 30
125 31
125 33
125 34
125 39
125 41
125 107
125 108
125 112
125 113
125 115
125 116
125 117
125 119
125 120
125 122
125 125
125 126
125 127
125 128
125 130
125 133
125 134
125 139
125 140
125 142
125 144
125 148
125 149
126 2
126 10
126 12
126 13
126 16
126 17
126 18
126 19
126 20
126 21
126 22
126 23
126 24
126 25
126 26
126 28
126 31
126 32
126 35
126 39
126 40
126 41
126 107
126 108
126 110
126 112
126 113
126 114
126 115
126 128
126 129
126 133
126 134
126 136
126 138
126 140
126 145
126 146
126 147
126 150
127 8
127 10
127 12
127 13
127 14
127 15
127 17
127 18
127 19
127 22
127 25
127 26
127 28
127 30
127 31
127 32
127 40
127 106
127 107
127 108
127 109
127 111
127 112
127 116
127 117
127 121
127 122
127 124
127 127
127 128
127 134
127 135
127 139
127 140
127 142
127 146
127 148
127 150
128 1
128 3
128 8
128 10
128 11
128 12
128 14
128 15
128 17
128 19
128 20
128 21
128 23
128 24
128 25
128 27
128 28
128 29
128 30
128 31
128 32
128 33
128 34
128 35
128 37
128 38
128 106
128 108
128 109
128 111
128 112
128 113
128 116
128 118
128 120
128 121
128 123
128 124
128 129
128 133
128 135
128 140
128 141
128 143
129 5
129 7
129 8
129 9
129 11
129 15
129 16
129 17
129 20
129 22
129 27
129 30
129 31
129 32
129 33
129 37
129 38
129 110
129 112
129 115
129 120
129 121
129 122
129 123
129 124
129 126
129 128
129 129
129 130
129 134
129 136
129 138
129 139
129 143
129 144
129 145
129 146
129 147
130 3
130 5
130 7
130 8
130 11
130 12
130 13
130 19
130 23
130 24
130 25
130 26
130 27
130 28
130 29
130 31
130 34
130 36
130 38
130 39
130 110
130 111
130 113
130 119
130 120
130 123
130 125
130 129
130 134
130 137
130 141
130 145
130 146
130 149
131 1
131 2
131 3
131 4
131 5
131 6
131 7
131 12
131 13
131 18
131 19
131 20
131 22
131 23
131 25
131 26
131 27
131 31
131 32
131 35
131 36
131 37
131 39
131 109
131 111
131 112
131 114
131 118
131 121
131 122
131 125
131 126
131 130
131 132
131 133
131 135
131 138
131 139
131 141
131 142
131 147
131 148
131 149
131 150
132 3
132 4
132 6
132 9
132 10
132 11
132 17
132 19
132 21
132 22
132 23
132 24
132 27
132 35
132 36
132 38
132 40
132 107
132 109
132 113
132 117
132 119
132 122
132 125
132 126
132 127
132 132
132 135
132 136
132 137
132 138
132 142
132 143
132 147
132 149
132 150
133 2
133 6
133 7
133 9
133 11
133 13
133 19
133 20
133 21
133 28
133 34
133 35
133 36
133 40
133 106
133 107
133 108
133 110
133 112
133 113
133 114
133 115
133 116
133 117
133 119
133 120
133 121
133 122
133 123
133 125
133 126
133 129
133 130
133 131
133 132
133 133
133 134
133 135
133 139
133 140
133 143
133 144
133 146
133 148
134 1
134 4
134 5
134 6
134 8
134 9
134 12
134 16
134 19
134 20
134 21
134 23
134 24
134 25
134 26
134 27
134 28
134 33
134 35
134 36
134 39
134 106
134 108
134 110
134 115
134 117
134 119
134 123
134 124
134 125
134 129
134 130
134 132
134 134
134 136
134 137
134 139
134 140
134 145
134 146
134 147
134 149
135 2
135 4
135 6
135 13
135 15
135 16
135 17
135 18
135 21
135 22
135 23
135 25
135 27
135 28
135 32
135 33
135 35
135 36
135 37
135 39
135 108
135 111
135 112
135 117
135 122
135 123
135 124
135 127
135 128
135 129
135 130
135 135
135 136
135 139
135 141
135 144
135 145
135 146
135 147
135 148
135 149
135 150
136 2
136 4
136 5
136 6
136 9
136 10
136 13
136 15
136 17
136 19
136 20
136 23
136 28
136 31
136 33
136 35
136 38
136 39
136 40
136 105
136 106
136 107
136 108
136 111
136 116
136 117
136 118
136 119
136 120
136 121
136 122
136 125
136 127
136 129
136 133
136 134
136 136
136 141
136 142
136 145
136 147
136 150
137 5
137 6
137 7
137 10
137 11
137 12
137 13
137 14
137 16
137 19
137 23
137 24
137 25
137 26
137 34
137 36
137 37
137 38
137 39
137 40
137 100
137 101
137 106
137 109
137 112
137 113
137 114
137 115
137 116
137 119
137 122
137 125
137 126
137 127
137 129
137 130
137 132
137 133
137 134
137 135
137 138
137 139
137 140
137 142
137 143
137 146
137 148
137 150
138 1
138 2
138 3
138 5
138 6
138 7
138 10
138 14
138 15
138 16
138 17
138 24
138 25
138 27
138 29
138 31
138 34
138 35
138 36
138 39
138 99
138 102
138 105
138 106
138 107
138 108
138 110
138 112
138 113
138 114
138 115
138 116
138 117
138 119
138 121
138 123
138 125
138 127
138 131
138 132
138 134
138 137
138 138
138 140
138 141
138 143
138 145
138 147
139 4
139 7
139 9
139 10
139 11
139 14
139 16
139 17
139 18
139 20
139 21
139 22
139 27
139 28
139 32
139 36
139 37
139 38
139 98
139 99
139 100
139 105
139 107
139 108
139 110
139 117
139 120
139 121
139 122
139 124
139 127
139 129
139 130
139 131
139 132
139 140
139 141
139 142
139 144
139 145
139 146
139 147
139 148
139 149
140 1
140 4
140 5
140 6
140 8
140 9
140 11
140 12
140 13
140 17
140 18
140 21
140 24
140 26
140 27
140 28
140 29
140 32
140 33
140 34
140 37
140 98
140 100
140 101
140 102
140 103
140 104
140 106
140 108
140 112
140 113
140 116
140 118
140 119
140 120
140 125
140 126
140 127
140 128
140 129
140 130
140 131
140 132
140 141
140 143
140 145
140 146
140 147
141 1
141 2
141 5
141 7
141 10
141 11
141 12
141 14
141 15
141 16
141 17
141 20
141 26
141 27
141 30
141 34
141 35
141 36
141 102
141 103
141 104
141 105
141 106
141 107
141 111
141 112
141 115
141 116
141 118
141 122
141 126
141 129
141 130
141 132
141 135
141 137
141 141
141 145
141 149
141 150
142 1
142 2
142 6
142 9
142 12
142 13
142 14
142 18
142 23
142 25
142 26
142 32
142 35
142 100
142 101
142 108
142 112
142 114
142 115
142 117
142 120
142 121
142 123
142 125
142 129
142 130
142 131
142 132
142 133
142 134
142 135
142 141
142 142
142 144
142 146
142 148
142 149
142 150
143 1
143 2
143 3
143 4
143 5
143 6
143 7
143 8
143 13
143 17
143 19
143 22
143 24
143 25
143 33
143 34
143 101
143 104
143 106
143 108
143 111
143 113
143 116
143 118
143 121
143 123
143 125
143 127
143 128
143 130
143 137
143 139
143 141
143 143
143 145
143 148
143 149
143 150
144 3
144 4
144 7
144 8
144 9
144 10
144 11
144 14
144 18
144 20
144 22
144 27
144 28
144 29
144 30
144 32
144 101
144 102
144 104
144 105
144 106
144 107
144 109
144 110
144 112
144 113
144 114
144 115
144 117
144 123
144 124
144 125
144 128
144 131
144 133
144 135
144 136
144 140
144 141
144 142
144 145
144 148
144 149
144 150
145 1
145 3
145 4
145 8
145 9
145 10
145 12
145 13
145 14
145 15
145 18
145 19
145 21
145 24
145 25
145 26
145 27
145 31
145 33
145 35
145 100
145 102
145 105
145 106
145 107
145 110
145 111
145 117
145 120
145 121
145 122
145 124
145 125
145 126
145 128
145 132
145 135
145 139
145 140
145 141
145 145
145 146
145 147
145 150
146 1
146 2
146 3
146 6
146 14
146 16
146 17
146 18
146 19
146 20
146 21
146 23
146 25
146 29
146 32
146 34
146 36
146 99
146 102
146 104
146 105
146 106
146 109
146 122
146 123
146 127
146 128
146 129
146 131
146 136
146 138
146 141
146 143
146 149
147 1
147 2
147 5
147 6
147 8
147 10
147 12
147 13
147 14
147 17
147 18
147 19
147 20
147 22
147 24
147 25
147 26
147 28
147 29
147 30
147 32
147 33
147 36
147 99
147 101
147 102
147 104
147 105
147 106
147 110
147 111
147 114
147 116
147 117
147 120
147 121
147 122
147 128
147 130
147 131
147 132
147 133
147 135
147 136
147 138
147 141
147 147
147 150
148 1
148 2
148 3
148 5
148 6
148 10
148 11
148 13
148 18
148 21
148 26
148 30
148 31
148 32
148 35
148 100
148 101
148 109
148 112
148 114
148 115
148 116
148 117
148 118
148 119
148 120
148 121
148 122
148 123
148 124
148 125
148 126
148 130
148 133
148 134
148 135
148 136
148 138
148 139
148 140
148 141
148 144
148 145
148 146
148 147
148 148
148 149
148 150
149 1
149 2
149 3
149 5
149 8
149 12
149 15
149 18
149 20
149 24
149 26
149 29
149 30
149 34
149 35
149 101
149 102
149 108
149 109
149 110
149 112
149 114
149 116
149 117
149 118
149 120
149 121
149 122
149 123
149 124
149 127
149 128
149 129
149 130
149 131
149 132
149 135
149 136
149 139
149 140
149 142
149 143
149 144
149 145
149 147
149 149
150 1
150 2
150 5
150 6
150 7
150 10
150 11
150 15
150 16
150 20
150 21
150 22
150 25
150 26
150 27
150 31
150 33
150 34
150 36
150 108
150 110
150 113
150 115
150 120
150 121
150 123
150 125
150 126
150 128
150 129
150 130
150 131
150 132
150 134
150 135
150 138
150 139
150 140
150 141
150 143
150 145
150 146
150 149
150 150
