# step:120000
1 1
1 2
1 3
1 4
1 5
1 6
1 7
1 8
1 9
1 10
1 11
1 12
1 13
1 14
1 15
1 16
1 17
1 18
1 19
1 20
1 21
1 22
1 23
1 24
1 25
1 26
1 27
1 28
1 29
1 30
1 31
1 32
1 33
1 34
1 35
1 36
1 37
1 38
1 39
1 40
1 41
1 42
1 43
1 44
1 45
1 46
1 47
1 48
1 49
1 50
1 51
1 52
1 53
1 54
1 55
1 56
1 57
1 58
1 59
1 60
1 61
1 62
1 63
1 64
1 65
1 66
1 67
1 68
1 69
1 70
1 71
1 72
1 73
1 74
1 75
1 76
1 77
1 78
1 79
1 80
1 81
1 82
1 83
1 84
1 85
1 86
1 87
1 88
1 89
1 90
1 91
1 92
1 93
1 94
1 95
1 96
1 97
1 98
1 99
1 100
1 101
1 102
1 103
1 104
1 105
1 106
1 107
1 108
1 109
1 110
1 111
1 112
1 113
1 114
1 115
1 116
1 117
1 118
1 119
1 120
1 121
1 122
1 123
1 124
1 125
1 126
1 127
1 128
1 129
1 130
1 131
1 132
1 133
1 134
1 135
1 136
1 137
1 138
1 139
1 140
1 141
1 142
1 143
1 144
1 145
1 146
1 147
1 148
1 149
1 150
2 1
2 2
2 3
2 4
2 5
2 6
2 7
2 8
2 9
2 10
2 11
2 12
2 13
2 14
2 15
2 16
2 17
2 18
2 19
2 20
2 21
2 22
2 23
2 24
2 25
2 26
2 27
2 28
2 29
2 30
2 31
2 32
2 33
2 34
2 35
2 36
2 37
2 38
2 39
2 40
2 41
2 42
2 43
2 44
2 45
2 46
2 47
2 48
2 49
2 50
2 51
2 52
2 53
2 54
2 55
2 56
2 57
2 58
2 59
2 60
2 61
2 62
2 63
2 64
2 65
2 66
2 67
2 68
2 69
2 70
2 71
2 72
2 73
2 74
2 75
2 76
2 77
2 78
2 79
2 80
2 81
2 82
2 83
2 84
2 85
2 86
2 87
2 88
2 89
2 90
2 91
2 92
2 93
2 94
2 95
2 96
2 97
2 98
2 99
2 100
2 101
2 102
2 103
2 104
2 105
2 106
2 107
2 108
2 109
2 110
2 111
2 112
2 113
2 114
2 115
2 116
2 117
2 118
2 119
2 120
2 121
2 122
2 123
2 124
2 125
2 126
2 127
2 128
2 129
2 130
2 131
2 132
2 133
2 134
2 135
2 136
2 137
2 138
2 139
2 140
2 141
2 142
2 143
2 144
2 145
2 146
2 147
2 148
2 149
2 150
3 1
3 2
3 3
3 4
3 5
3 6
3 7
3 8
3 9
3 10
3 11
3 12
3 13
3 14
3 15
3 16
3 17
3 18
3 19
3 20
3 21
3 22
3 23
3 24
3 25
3 26
3 27
3 28
3 29
3 30
3 31
3 32
3 33
3 34
3 35
3 36
3 37
3 38
3 39
3 40
3 41
3 42
3 43
3 44
3 45
3 46
3 47
3 48
3 49
3 50
3 51
3 52
3 53
3 54
3 55
3 56
3 57
3 58
3 59
3 60
3 61
3 62
3 63
3 64
3 65
3 66
3 67
3 68
3 69
3 70
3 71
3 72
3 73
3 74
3 75
3 76
3 77
3 78
3 79
3 80
3 81
3 82
3 83
3 84
3 85
3 86
3 87
3 88
3 89
3 90
3 91
3 92
3 93
3 94
3 95
3 96
3 97
3 98
3 99
3 100
3 101
3 102
3 103
3 104
3 105
3 106
3 107
3 108
3 109
3 110
3 111
3 112
3 113
3 114
3 115
3 116
3 117
3 118
3 119
3 120
3 121
3 122
3 123
3 147
3 148
3 149
3 150
4 1
4 2
4 3
4 147
4 148
4 149
4 150
5 1
5 2
5 3
5 149
5 150
6 1
6 2
6 3
6 149
6 150
7 1
7 2
7 3
7 149
7 150
8 1
8 2
8 3
8 149
8 150
9 1
9 2
9 3
9 149
9 150
10 1
10 2
10 3
10 149
10 150
11 1
11 2
11 3
11 149
11 150
12 1
12 2
12 3
12 149
12 150
13 1
13 2
13 3
13 149
13 150
14 1
14 2
14 3
14 149
14 150
15 1
15 2
15 3
15 149
15 150
16 1
16 2
16 3
16 95
16 99
16 101
16 102
16 149
16 150
17 1
17 2
17 3
17 149
17 150
18 1
18 2
18 3
18 97
18 103
18 106
18 149
18 150
19 1
19 2
19 3
19 100
19 105
19 106
19 149
19 150
20 1
20 2
20 3
20 101
20 103
20 149
20 150
21 1
21 2
21 3
21 98
21 149
21 150
22 1
22 2
22 3
22 103
22 105
22 149
22 150
23 1
23 2
23 3
23 102
23 149
23 150
24 1
24 2
24 3
24 149
24 150
25 1
25 2
25 3
25 105
25 149
25 150
26 1
26 2
26 3
26 92
26 105
26 149
26 150
27 1
27 2
27 3
27 149
27 150
28 1
28 2
28 3
28 63
28 67
28 69
28 70
28 96
28 149
28 150
29 1
29 2
29 3
29 92
29 149
29 150
30 1
30 2
30 3
30 65
30 71
30 74
30 92
30 94
30 149
30 150
31 1
31 2
31 3
31 68
31 73
31 74
31 99
31 149
31 150
32 1
32 2
32 3
32 42
32 69
32 71
32 91
32 149
32 150
33 1
33 2
33 3
33 66
33 90
33 99
33 149
33 150
34 1
34 2
34 3
34 71
34 73
34 89
34 100
34 149
34 150
35 1
35 2
35 3
35 44
35 49
35 50
35 52
35 70
35 88
35 101
35 149
35 150
36 1
36 2
36 3
36 42
36 87
36 102
36 149
36 150
37 1
37 2
37 3
37 73
37 86
37 103
37 149
37 150
38 1
38 2
38 3
38 48
38 60
38 73
38 85
38 104
38 149
38 150
39 1
39 2
39 3
39 42
39 84
39 105
39 149
39 150
40 1
40 2
40 3
40 46
40 47
40 48
40 64
40 83
40 106
40 149
40 150
41 1
41 2
41 3
41 45
41 50
41 60
41 82
41 149
41 150
42 1
42 2
42 3
42 41
42 47
42 60
42 62
42 81
42 149
42 150
43 1
43 2
43 3
43 40
43 42
43 43
43 46
43 56
43 67
43 80
43 107
43 149
43 150
44 1
44 2
44 3
44 39
44 59
44 79
44 110
44 149
44 150
45 1
45 2
45 3
45 38
45 49
45 58
45 78
45 111
45 149
45 150
46 1
46 2
46 3
46 38
46 56
46 77
46 112
46 149
46 150
47 1
47 2
47 3
47 56
47 58
47 68
47 70
47 113
47 149
47 150
48 1
48 2
48 3
48 47
48 70
48 77
48 114
48 149
48 150
49 1
49 2
49 3
49 44
49 55
49 68
49 73
49 115
49 149
49 150
50 1
50 2
50 3
50 43
50 60
50 67
50 72
50 76
50 116
50 149
50 150
51 1
51 2
51 3
51 43
51 61
51 67
51 76
51 117
51 149
51 150
52 1
52 2
52 3
52 62
52 118
52 149
52 150
53 1
53 2
53 3
53 59
53 61
53 63
53 68
53 69
53 70
53 119
53 149
53 150
54 1
54 2
54 3
54 61
54 63
54 68
54 120
54 149
54 150
55 1
55 2
55 3
55 59
55 64
55 121
55 149
55 150
56 1
56 2
56 3
56 69
56 72
56 76
56 122
56 149
56 150
57 1
57 2
57 3
57 74
57 123
57 149
57 150
58 1
58 2
58 3
58 78
58 125
58 126
58 129
58 149
58 150
59 1
59 2
59 3
59 57
59 65
59 72
59 75
59 76
59 77
59 149
59 150
60 1
60 2
60 3
60 58
60 80
60 125
60 149
60 150
61 1
61 2
61 3
61 63
61 64
61 69
61 81
61 82
61 139
61 149
61 150
62 1
62 2
62 3
62 62
62 70
62 73
62 127
62 149
62 150
63 1
63 2
63 3
63 73
63 84
63 87
63 137
63 149
63 150
64 1
64 2
64 3
64 71
64 134
64 149
64 150
65 1
65 2
65 3
65 62
65 65
65 68
65 70
65 77
65 79
65 93
65 122
65 124
65 139
65 149
65 150
66 1
66 2
66 3
66 61
66 63
66 87
66 121
66 136
66 149
66 150
67 1
67 2
67 3
67 59
67 76
67 77
67 87
67 89
67 120
67 135
67 139
67 149
67 150
68 1
68 2
68 3
68 81
68 86
68 93
68 98
68 119
68 132
68 139
68 149
68 150
69 1
69 2
69 3
69 69
69 77
69 84
69 95
69 98
69 118
69 133
69 135
69 137
69 149
69 150
70 1
70 2
70 3
70 63
70 74
70 77
70 89
70 117
70 149
70 150
71 1
71 2
71 3
71 60
71 69
71 73
71 89
71 116
71 129
71 130
71 133
71 136
71 149
71 150
72 1
72 2
72 3
72 59
72 64
72 98
72 115
72 136
72 137
72 149
72 150
73 1
73 2
73 3
73 68
73 71
73 88
73 89
73 114
73 149
73 150
74 1
74 2
74 3
74 73
74 74
74 78
74 88
74 89
74 113
74 149
74 150
75 1
75 2
75 3
75 64
75 82
75 93
75 112
75 149
75 150
76 1
76 2
76 3
76 53
76 56
76 80
76 87
76 96
76 101
76 111
76 149
76 150
77 1
77 2
77 3
77 58
77 96
77 110
77 149
77 150
78 1
78 2
78 3
78 56
78 58
78 70
78 73
78 76
78 84
78 109
78 149
78 150
79 1
79 2
79 3
79 65
79 69
79 70
79 84
79 102
79 107
79 149
79 150
80 1
80 2
80 3
80 52
80 75
80 81
80 85
80 149
80 150
81 1
81 2
81 3
81 57
81 69
81 72
81 80
81 149
81 150
82 1
82 2
82 3
82 58
82 66
82 67
82 70
82 71
82 76
82 86
82 107
82 149
82 150
83 1
83 2
83 3
83 74
83 75
83 149
83 150
84 1
84 2
84 3
84 72
84 88
84 149
84 150
85 1
85 2
85 3
85 70
85 73
85 95
85 96
85 97
85 98
85 107
85 108
85 149
85 150
86 1
86 2
86 3
86 68
86 77
86 80
86 85
86 149
86 150
87 1
87 2
87 3
87 99
87 149
87 150
88 1
88 2
88 3
88 68
88 81
88 82
88 86
88 99
88 103
88 149
88 150
89 1
89 2
89 3
89 6
89 7
89 65
89 84
89 110
89 149
89 150
90 1
90 2
90 3
90 7
90 68
90 101
90 105
90 110
90 149
90 150
91 1
91 2
91 3
91 105
91 107
91 110
91 149
91 150
92 1
92 2
92 3
92 76
92 82
92 88
92 110
92 149
92 150
93 1
93 2
93 3
93 77
93 78
93 96
93 149
93 150
94 1
94 2
94 3
94 86
94 103
94 104
94 105
94 107
94 149
94 150
95 1
95 2
95 3
95 82
95 98
95 99
95 109
95 149
95 150
96 1
96 2
96 3
96 9
96 11
96 79
96 82
96 90
96 107
96 149
96 150
97 1
97 2
97 3
97 6
97 81
97 94
97 107
97 149
97 150
98 1
98 2
98 3
98 5
98 9
98 10
98 79
98 88
98 100
98 109
98 110
98 113
98 114
98 117
98 149
98 150
99 1
99 2
99 3
99 15
99 78
99 89
99 99
99 149
99 150
100 1
100 2
100 3
100 5
100 16
100 77
100 83
100 109
100 112
100 113
100 149
100 150
101 1
101 2
101 17
101 76
101 86
101 87
101 96
101 99
101 127
101 149
101 150
102 1
102 2
102 18
102 75
102 94
102 96
102 115
102 149
102 150
103 1
103 2
103 19
103 74
103 82
103 94
103 113
103 125
103 149
103 150
104 1
104 2
104 20
104 73
104 88
104 122
104 149
104 150
105 1
105 2
105 21
105 72
105 96
105 101
105 102
105 112
105 127
105 149
105 150
106 1
106 2
106 22
106 71
106 95
106 124
106 149
106 150
107 1
107 2
107 23
107 70
107 94
107 108
107 112
107 113
107 123
107 127
107 149
107 150
108 1
108 2
108 24
108 69
108 87
108 88
108 89
108 93
108 107
108 110
108 120
108 127
108 149
108 150
109 1
109 2
109 25
109 68
109 85
109 92
109 106
109 121
109 123
109 125
109 149
109 150
110 1
110 2
110 26
110 67
110 91
110 105
110 149
110 150
111 1
111 2
111 27
111 66
111 89
111 104
111 117
111 118
111 121
111 124
111 149
111 150
112 1
112 2
112 28
112 65
112 88
112 91
112 103
112 124
112 125
112 149
112 150
113 1
113 2
113 29
113 64
113 82
113 102
113 149
113 150
114 1
114 2
114 30
114 63
114 82
114 101
114 149
114 150
115 1
115 2
115 31
115 62
115 100
115 149
115 150
116 1
116 2
116 32
116 61
116 92
116 149
116 150
117 1
117 2
117 35
117 60
117 97
117 99
117 149
117 150
118 1
118 2
118 59
118 99
118 149
118 150
119 1
119 2
119 58
119 95
119 149
119 150
120 1
120 2
120 36
120 57
120 149
120 150
121 1
121 2
121 37
121 56
121 86
121 99
121 149
121 150
122 1
122 2
122 38
122 55
122 86
122 149
122 150
123 1
123 2
123 39
123 54
123 149
123 150
124 1
124 2
124 40
124 53
124 89
124 149
124 150
125 1
125 2
125 41
125 52
125 86
125 88
125 149
125 150
126 1
126 2
126 42
126 51
126 93
126 149
126 150
127 1
127 2
127 50
127 88
127 90
127 149
127 150
128 1
128 2
128 42
128 85
128 86
128 91
128 149
128 150
129 1
129 2
129 47
129 49
129 85
129 88
129 94
129 149
129 150
130 1
130 2
130 49
130 149
130 150
131 1
131 2
131 45
131 89
131 90
131 92
131 96
131 149
131 150
132 1
132 2
132 149
132 150
133 1
133 2
133 36
133 49
133 149
133 150
134 1
134 2
134 36
134 149
134 150
135 1
135 2
135 149
135 150
136 1
136 2
136 39
136 149
136 150
137 1
137 2
137 36
137 38
137 149
137 150
138 1
138 2
138 43
138 149
138 150
139 1
139 2
139 38
139 40
139 149
139 150
140 1
140 2
140 35
140 36
140 41
140 149
140 150
141 1
141 2
141 35
141 38
141 44
141 149
141 150
142 1
142 2
142 149
142 150
143 1
143 2
143 39
143 40
143 42
143 46
143 149
143 150
144 1
144 2
144 149
144 150
145 1
145 2
145 149
145 150
146 1
146 2
146 149
146 150
147 1
147 2
147 3
147 4
147 149
147 150
148 1
148 2
148 3
148 4
148 149
148 150
149 1
149 2
149 3
149 4
149 5
149 6
149 7
149 8
149 9
149 10
149 11
149 12
149 13
149 14
149 15
149 16
149 17
149 18
149 19
149 20
149 21
149 22
149 23
149 24
149 25
149 26
149 27
149 28
149 29
149 30
149 31
149 32
149 33
149 34
149 35
149 36
149 37
149 38
149 39
149 40
149 41
149 42
149 43
149 44
149 45
149 46
149 47
149 48
149 49
149 50
149 51
149 52
149 53
149 54
149 55
149 56
149 57
149 58
149 59
149 60
149 61
149 62
149 63
149 64
149 65
149 66
149 67
149 68
149 69
149 70
149 71
149 72
149 73
149 74
149 75
149 76
149 77
149 78
149 79
149 80
149 81
149 82
149 83
149 84
149 85
149 86
149 87
149 88
149 89
149 90
149 91
149 92
149 93
149 94
149 95
149 96
149 97
149 98
149 99
149 100
149 101
149 102
149 103
149 104
149 105
149 106
149 107
149 108
149 109
149 110
149 111
149 112
149 113
149 114
149 115
149 116
149 117
149 118
149 119
149 120
149 121
149 122
149 123
149 124
149 125
149 126
149 127
149 128
149 129
149 130
149 131
149 132
149 133
149 134
149 135
149 136
149 137
149 138
149 139
149 140
149 141
149 142
149 143
149 144
149 145
149 146
149 147
149 148
149 149
149 150
150 1
150 2
150 3
150 4
150 5
150 6
150 7
150 8
150 9
150 10
150 11
150 12
150 13
150 14
150 15
150 16
150 17
150 18
150 19
150 20
150 21
150 22
150 23
150 24
150 25
150 26
150 27
150 28
150 29
150 30
150 31
150 32
150 33
150 34
150 35
150 36
150 37
150 38
150 39
150 40
150 41
150 42
150 43
150 44
150 45
150 46
150 47
150 48
150 49
150 50
150 51
150 52
150 53
150 54
150 55
150 56
150 57
150 58
150 59
150 60
150 61
150 62
150 63
150 64
150 65
150 66
150 67
150 68
150 69
150 70
150 71
150 72
150 73
150 74
150 75
150 76
150 77
150 78
150 79
150 80
150 81
150 82
150 83
150 84
150 85
150 86
150 87
150 88
150 89
150 90
150 91
150 92
150 93
150 94
150 95
150 96
150 97
150 98
150 99
150 100
150 101
150 102
150 103
150 104
150 105
150 106
150 107
150 108
150 109
150 110
150 111
150 112
150 113
150 114
150 115
150 116
150 117
150 118
150 119
150 120
150 121
150 122
150 123
150 124
150 125
150 126
150 127
150 128
150 129
150 130
150 131
150 132
150 133
150 134
150 135
150 136
150 137
150 138
150 139
150 140
150 141
150 142
150 143
150 144
150 145
150 146
150 147
150 148
150 149
150 150
