# step:120000
3 124
3 125
3 126
3 127
3 128
3 129
3 130
3 131
3 132
3 133
3 134
3 135
3 136
3 137
3 138
3 139
3 140
3 141
3 142
3 143
3 144
3 145
3 146
4 4
4 5
4 6
4 7
4 8
4 9
4 10
4 11
4 12
4 13
4 14
4 15
4 16
4 17
4 18
4 19
4 20
4 21
4 22
4 23
4 24
4 25
4 26
4 27
4 28
4 29
4 30
4 31
4 32
4 33
4 34
4 35
4 36
4 37
4 38
4 39
4 40
4 41
4 42
4 43
4 44
4 45
4 46
4 47
4 48
4 49
4 50
4 51
4 52
4 53
4 54
4 55
4 56
4 57
4 58
4 59
4 60
4 61
4 62
4 63
4 64
4 65
4 66
4 67
4 68
4 69
4 70
4 71
4 72
4 73
4 74
4 75
4 76
4 77
4 78
4 79
4 80
4 81
4 82
4 83
4 84
4 85
4 86
4 87
4 88
4 89
4 90
4 91
4 92
4 93
4 94
4 95
4 96
4 97
4 98
4 99
4 100
4 101
4 102
4 103
4 104
4 105
4 106
4 107
4 108
4 109
4 110
4 111
4 112
4 113
4 114
4 115
4 116
4 117
4 118
4 119
4 120
4 121
4 122
4 123
4 146
5 4
5 146
5 147
5 148
6 4
6 145
6 148
7 4
7 144
7 148
8 4
8 143
8 148
9 4
9 142
9 148
10 4
10 141
10 148
11 4
11 140
11 148
12 4
12 139
12 148
13 4
13 138
13 148
14 4
14 137
14 148
15 4
15 95
15 136
15 148
16 4
16 135
16 148
17 4
17 134
17 148
18 4
18 133
18 148
19 4
19 132
19 148
20 4
20 95
20 102
20 131
20 148
21 4
21 99
21 130
21 148
22 4
22 95
22 129
22 148
23 4
23 95
23 128
23 148
24 4
24 99
24 127
24 148
25 4
25 93
25 103
25 126
25 148
26 4
26 125
26 148
27 4
27 63
27 92
27 100
27 124
27 148
28 4
28 98
28 99
28 123
28 148
29 4
29 122
29 148
30 4
30 95
30 98
30 121
30 148
31 4
31 41
31 96
31 120
31 148
32 4
32 63
32 70
32 97
32 99
32 119
32 148
33 4
33 49
33 67
33 118
33 148
34 4
34 44
34 48
34 49
34 51
34 63
34 117
34 148
35 4
35 48
35 63
35 116
35 148
36 4
36 67
36 115
36 148
37 4
37 45
37 48
37 61
37 71
37 114
37 148
38 4
38 45
38 52
38 53
38 113
38 148
39 4
39 50
39 51
39 55
39 60
39 68
39 112
39 148
40 4
40 42
40 52
40 55
40 66
40 67
40 111
40 148
41 4
41 44
41 48
41 52
41 54
41 107
41 148
42 4
42 44
42 51
42 54
42 63
42 66
42 148
43 4
43 53
43 55
43 64
43 148
44 4
44 42
44 65
44 67
44 148
45 4
45 45
45 106
45 148
46 4
46 46
46 105
46 148
47 4
47 49
47 54
47 55
47 71
47 73
47 104
47 148
48 4
48 73
48 75
48 103
48 148
49 4
49 53
49 71
49 102
49 148
50 4
50 75
50 80
50 101
50 148
51 4
51 73
51 74
51 100
51 148
52 4
52 68
52 69
52 99
52 148
53 4
53 75
53 98
53 148
54 4
54 71
54 97
54 148
55 4
55 60
55 79
55 80
55 96
55 148
56 4
56 59
56 60
56 66
56 77
56 95
56 148
57 4
57 56
57 58
57 60
57 67
57 70
57 75
57 94
57 148
58 4
58 58
58 61
58 65
58 93
58 128
58 148
59 4
59 92
59 130
59 148
60 4
60 91
60 148
61 4
61 62
61 67
61 71
61 90
61 125
61 132
61 133
61 135
61 140
61 148
62 4
62 89
62 124
62 148
63 4
63 77
63 123
63 148
64 4
64 63
64 68
64 72
64 85
64 125
64 127
64 148
65 4
65 66
65 67
65 72
65 74
65 83
65 123
65 127
65 131
65 134
65 148
66 4
66 67
66 68
66 74
66 78
66 90
66 128
66 148
67 4
67 64
67 65
67 70
67 79
67 81
67 84
67 97
67 148
68 4
68 68
68 83
68 89
68 135
68 148
69 4
69 89
69 94
69 130
69 148
70 4
70 62
70 69
70 82
70 87
70 88
70 90
70 148
71 4
71 77
71 88
71 90
71 148
72 4
72 63
72 65
72 66
72 74
72 148
73 4
73 64
73 65
73 66
73 72
73 93
73 148
74 4
74 72
74 84
74 93
74 97
74 148
75 4
75 49
75 74
75 76
75 79
75 80
75 86
75 98
75 100
75 148
76 4
76 49
76 52
76 64
76 84
76 98
76 99
76 148
77 4
77 65
77 75
77 78
77 80
77 148
78 4
78 68
78 74
78 79
78 83
78 100
78 101
78 148
79 4
79 54
79 67
79 109
79 148
80 4
80 51
80 55
80 56
80 74
80 87
80 100
80 103
80 105
80 148
81 4
81 79
81 148
82 4
82 62
82 63
82 68
82 81
82 100
82 148
83 4
83 70
83 100
83 104
83 110
83 148
84 4
84 74
84 106
84 110
84 148
85 4
85 78
85 81
85 84
85 100
85 102
85 104
85 148
86 4
86 63
86 64
86 79
86 94
86 100
86 101
86 104
86 148
87 4
87 77
87 94
87 98
87 148
88 4
88 63
88 65
88 70
88 87
88 94
88 98
88 106
88 107
88 108
88 109
88 148
89 4
89 62
89 86
89 94
89 96
89 97
89 148
90 4
90 9
90 61
90 70
90 71
90 93
90 96
90 106
90 148
91 4
91 7
91 8
91 60
91 74
91 91
91 93
91 94
91 148
92 4
92 9
92 10
92 59
92 95
92 148
93 4
93 7
93 58
93 81
93 90
93 94
93 108
93 148
94 4
94 8
94 57
94 78
94 89
94 94
94 148
95 4
95 7
95 10
95 56
95 86
95 89
95 107
95 148
96 4
96 7
96 55
96 91
96 100
96 101
96 148
97 54
97 84
97 98
97 102
97 148
98 53
98 98
98 111
98 116
98 148
99 7
99 52
99 87
99 102
99 107
99 118
99 148
100 51
100 99
100 148
101 3
101 50
101 102
101 120
101 121
101 123
101 128
101 148
102 3
102 49
102 102
102 110
102 148
103 3
103 48
103 89
103 99
103 148
104 3
104 47
104 86
104 100
104 115
104 148
105 3
105 46
105 110
105 115
105 119
105 122
105 148
106 3
106 45
106 111
106 116
106 148
107 3
107 44
107 82
107 148
108 3
108 43
108 123
108 148
109 3
109 42
109 118
109 148
110 3
110 41
110 84
110 88
110 148
111 3
111 40
111 148
112 3
112 39
112 89
112 148
113 3
113 38
113 148
114 3
114 37
114 87
114 88
114 148
115 3
115 36
115 92
115 94
115 148
116 3
116 95
116 148
117 3
117 93
117 96
117 148
118 3
118 148
119 3
119 35
119 92
119 93
119 148
120 3
120 31
120 91
120 99
120 148
121 3
121 30
121 148
122 3
122 29
122 88
122 98
122 148
123 3
123 28
123 92
123 148
124 3
124 27
124 96
124 148
125 3
125 26
125 96
125 148
126 3
126 25
126 92
126 148
127 3
127 24
127 42
127 44
127 89
127 96
127 148
128 3
128 23
128 45
128 148
129 3
129 22
129 43
129 46
129 148
130 3
130 21
130 148
131 3
131 20
131 42
131 43
131 148
132 3
132 19
132 41
132 49
132 96
132 148
133 3
133 18
133 148
134 3
134 17
134 38
134 48
134 148
135 3
135 16
135 42
135 148
136 3
136 15
136 46
136 148
137 3
137 14
137 46
137 148
138 3
138 13
138 42
138 148
139 3
139 12
139 39
139 46
139 148
140 3
140 11
140 148
141 3
141 10
141 148
142 3
142 9
142 148
143 3
143 8
143 148
144 3
144 7
144 46
144 148
145 3
145 6
145 148
146 3
146 4
146 5
146 148
147 5
147 148
148 5
148 6
148 7
148 8
148 9
148 10
148 11
148 12
148 13
148 14
148 15
148 16
148 17
148 18
148 19
148 20
148 21
148 22
148 23
148 24
148 25
148 26
148 27
148 28
148 29
148 30
148 31
148 32
148 33
148 34
148 35
148 36
148 37
148 38
148 39
148 40
148 41
148 42
148 43
148 44
148 45
148 46
148 47
148 48
148 49
148 50
148 51
148 52
148 53
148 54
148 55
148 56
148 57
148 58
148 59
148 60
148 61
148 62
148 63
148 64
148 65
148 66
148 67
148 68
148 69
148 70
148 71
148 72
148 73
148 74
148 75
148 76
148 77
148 78
148 79
148 80
148 81
148 82
148 83
148 84
148 85
148 86
148 87
148 88
148 89
148 90
148 91
148 92
148 93
148 94
148 95
148 96
148 97
148 98
148 99
148 100
148 101
148 102
148 103
148 104
148 105
148 106
148 107
148 108
148 109
148 110
148 111
148 112
148 113
148 114
148 115
148 116
148 117
148 118
148 119
148 120
148 121
148 122
148 123
148 124
148 125
148 126
148 127
148 128
148 129
148 130
148 131
148 132
148 133
148 134
148 135
148 136
148 137
148 138
148 139
148 140
148 141
148 142
148 143
148 144
148 145
148 146
148 147
148 148
