# step:120000
4 145
5 5
5 144
6 6
6 143
6 147
7 7
7 142
7 146
8 8
8 141
8 145
9 9
9 140
9 144
10 10
10 139
10 143
11 11
11 138
11 142
12 12
12 137
12 141
13 13
13 136
13 140
14 14
14 97
14 98
14 99
14 100
14 135
14 139
15 15
15 94
15 101
15 102
15 103
15 134
15 138
16 16
16 94
16 103
16 133
16 137
17 17
17 100
17 102
17 106
17 107
17 132
17 136
18 18
18 98
18 101
18 102
18 107
18 131
18 135
19 19
19 98
19 104
19 107
19 130
19 134
20 20
20 100
20 107
20 129
20 133
21 21
21 94
21 104
21 105
21 128
21 132
22 22
22 94
22 96
22 97
22 106
22 127
22 131
23 23
23 92
23 93
23 104
23 106
23 126
23 130
24 24
24 92
24 104
24 106
24 125
24 129
25 25
25 100
25 106
25 124
25 128
26 26
26 65
26 66
26 67
26 68
26 97
26 101
26 104
26 106
26 123
26 127
27 27
27 62
27 69
27 70
27 71
27 96
27 98
27 106
27 122
27 126
28 28
28 62
28 71
28 89
28 105
28 121
28 125
29 29
29 68
29 70
29 74
29 75
29 88
29 104
29 120
29 124
30 30
30 66
30 69
30 70
30 75
30 87
30 93
30 103
30 119
30 123
31 31
31 40
31 66
31 72
31 75
31 86
31 103
31 118
31 122
32 32
32 40
32 68
32 75
32 85
32 95
32 98
32 104
32 117
32 121
33 33
33 43
33 48
33 52
33 53
33 62
33 72
33 73
33 84
33 92
33 95
33 96
33 105
33 116
33 120
34 34
34 41
34 53
34 62
34 64
34 65
34 74
34 83
34 91
34 98
34 106
34 115
34 119
35 35
35 40
35 60
35 61
35 72
35 74
35 82
35 90
35 99
35 107
35 114
35 118
36 36
36 40
36 48
36 60
36 72
36 74
36 81
36 89
36 100
36 108
36 113
36 117
37 37
37 44
37 51
37 68
37 74
37 80
37 88
37 101
37 108
37 112
37 116
38 38
38 43
38 54
38 65
38 69
38 72
38 74
38 79
38 87
38 102
38 111
38 115
39 39
39 45
39 64
39 66
39 74
39 78
39 86
39 103
39 109
39 110
39 114
40 40
40 57
40 73
40 77
40 85
40 104
40 113
41 40
41 72
41 76
41 84
41 105
41 113
42 39
42 50
42 61
42 71
42 75
42 83
42 110
42 111
42 114
43 38
43 44
43 47
43 71
43 74
43 82
43 115
44 37
44 46
44 48
44 54
44 63
44 66
44 72
44 73
44 81
44 105
44 106
44 108
44 116
45 37
45 43
45 47
45 55
45 60
45 63
45 64
45 80
45 104
45 108
45 109
45 117
46 37
46 51
46 59
46 72
46 73
46 79
46 103
46 107
46 110
46 118
47 37
47 38
47 45
47 48
47 72
47 76
47 78
47 102
47 106
47 111
47 119
48 43
48 45
48 51
48 54
48 67
48 101
48 105
48 112
48 120
49 42
49 48
49 50
49 61
49 66
49 74
49 78
49 79
49 100
49 104
49 113
49 121
50 42
50 50
50 62
50 66
50 70
50 99
50 103
50 114
50 122
51 42
51 51
51 55
51 63
51 66
51 69
51 70
51 80
51 98
51 102
51 115
51 123
52 42
52 43
52 52
52 56
52 64
52 66
52 70
52 75
52 80
52 97
52 101
52 116
52 124
53 53
53 57
53 80
53 96
53 100
53 117
53 125
54 54
54 55
54 56
54 57
54 65
54 72
54 73
54 74
54 77
54 78
54 80
54 95
54 99
54 118
54 126
55 66
55 68
55 71
55 77
55 94
55 98
55 119
55 127
56 56
56 68
56 93
56 97
56 120
57 77
57 92
57 96
57 121
58 59
58 62
58 68
58 72
58 74
58 91
58 95
58 122
58 131
58 132
59 56
59 79
59 90
59 94
59 125
59 132
60 56
60 69
60 70
60 77
60 89
60 93
60 133
60 134
60 139
60 140
61 57
61 59
61 65
61 66
61 83
61 88
61 92
61 122
61 123
62 57
62 81
62 82
62 84
62 88
62 91
62 122
62 128
62 133
63 57
63 60
63 63
63 86
63 90
63 129
63 133
63 141
64 57
64 69
64 70
64 76
64 79
64 88
64 93
64 94
64 121
64 123
64 128
64 136
64 137
64 141
65 57
65 64
65 76
65 82
65 92
65 120
65 141
66 57
66 59
66 70
66 88
66 91
66 94
66 96
66 119
66 130
66 135
66 138
66 141
67 57
67 63
67 99
67 118
67 129
67 137
67 140
68 58
68 63
68 64
68 65
68 67
68 76
68 79
68 92
68 99
68 117
68 137
68 138
68 140
69 59
69 71
69 75
69 93
69 99
69 116
69 124
69 125
69 139
69 140
70 59
70 61
70 71
70 83
70 85
70 86
70 91
70 99
70 115
70 123
70 126
70 129
70 131
70 132
70 134
70 136
71 58
71 72
71 83
71 91
71 97
71 99
71 114
71 122
71 127
71 134
72 78
72 81
72 88
72 89
72 100
72 113
72 121
72 128
72 129
72 130
72 131
72 132
72 133
72 138
73 70
73 78
73 80
73 82
73 100
73 112
73 120
73 135
73 136
73 137
73 138
74 49
74 50
74 53
74 54
74 66
74 67
74 71
74 79
74 99
74 111
74 119
75 51
75 55
75 62
75 63
75 68
75 70
75 78
75 84
75 87
75 92
75 110
75 118
76 61
76 63
76 79
76 82
76 86
76 92
76 93
76 109
76 117
77 49
77 60
77 63
77 67
77 69
77 72
77 73
77 83
77 84
77 88
77 101
77 108
77 116
78 49
78 60
78 63
78 78
78 88
78 95
78 107
78 115
79 49
79 50
79 53
79 61
79 63
79 74
79 76
79 83
79 88
79 95
79 96
79 99
79 103
79 114
80 62
80 63
80 68
80 79
80 101
80 106
80 112
80 113
81 51
81 52
81 66
81 82
81 83
81 85
81 89
81 99
81 103
81 110
82 56
82 89
82 103
82 110
83 57
83 78
83 89
83 103
83 107
84 82
84 90
84 93
84 94
84 99
84 102
85 71
85 74
85 75
85 88
85 91
85 93
85 110
86 67
86 72
86 75
86 91
86 107
86 108
86 109
87 62
87 66
87 69
87 72
87 85
87 87
87 90
87 110
87 111
88 5
88 6
88 7
88 8
88 61
88 72
88 101
88 111
89 5
89 60
89 66
89 71
89 81
89 82
89 85
89 87
89 91
89 92
89 101
90 59
90 63
90 64
90 65
90 83
90 98
91 58
91 62
91 67
91 68
91 75
91 82
91 84
91 85
91 88
91 89
91 97
91 99
91 100
92 57
92 61
92 83
92 85
92 98
92 108
92 112
93 6
93 12
93 13
93 56
93 60
93 75
93 79
93 80
93 82
93 85
93 98
93 113
94 5
94 9
94 11
94 13
94 55
94 59
94 76
94 96
94 98
94 99
94 100
94 102
94 114
95 5
95 12
95 54
95 58
95 83
95 84
95 97
95 103
95 115
96 5
96 53
96 57
96 92
96 93
96 95
96 96
96 98
97 52
97 56
97 78
97 103
97 104
98 16
98 51
98 55
98 77
98 84
98 87
98 89
98 90
98 91
98 119
98 120
99 6
99 17
99 50
99 54
99 76
99 84
99 88
99 104
99 105
99 112
99 113
99 120
100 8
100 9
100 10
100 18
100 49
100 53
100 75
100 97
100 102
100 107
100 121
100 122
100 127
100 128
101 5
101 6
101 11
101 19
101 48
101 52
101 74
101 83
101 89
101 92
101 109
101 112
102 12
102 20
102 47
102 51
102 73
102 83
102 92
102 99
102 104
102 113
102 116
102 121
103 13
103 21
103 46
103 50
103 72
103 80
103 81
103 84
103 92
103 104
103 107
103 117
103 121
103 129
104 14
104 22
104 45
104 49
104 71
104 79
104 82
104 84
104 87
104 90
104 91
104 97
104 104
104 106
104 107
104 116
104 124
104 125
104 129
105 15
105 23
105 44
105 48
105 70
105 78
105 82
105 89
105 103
105 105
105 129
106 16
106 24
106 43
106 47
106 69
106 77
106 82
106 89
106 97
106 100
106 101
106 102
106 103
106 106
106 109
106 118
106 123
106 126
106 129
107 17
107 25
107 42
107 46
107 68
107 76
107 96
107 106
107 111
107 117
107 125
107 128
108 18
108 26
108 41
108 45
108 67
108 75
108 84
108 95
108 105
108 109
108 125
108 126
108 128
109 19
109 27
109 40
109 44
109 66
109 74
109 84
109 94
109 104
109 109
109 113
109 127
109 128
110 20
110 28
110 39
110 43
110 65
110 73
110 81
110 87
110 93
110 103
110 114
110 117
110 119
110 120
110 122
110 124
111 21
111 29
111 38
111 42
111 64
111 72
111 81
111 87
111 92
111 102
111 110
111 111
111 115
111 122
112 22
112 30
112 37
112 41
112 63
112 71
112 81
112 83
112 101
112 109
112 112
112 116
112 117
112 118
112 119
112 120
112 121
112 126
113 23
113 31
113 36
113 40
113 62
113 70
113 81
113 100
113 108
113 113
113 123
113 124
113 125
113 126
114 24
114 32
114 35
114 39
114 61
114 69
114 81
114 85
114 95
114 96
114 99
114 107
114 114
115 25
115 33
115 34
115 38
115 60
115 68
115 81
115 82
115 93
115 96
115 106
115 115
116 26
116 34
116 36
116 37
116 59
116 67
116 88
116 105
116 116
117 27
117 58
117 66
117 88
117 98
117 104
117 117
118 28
118 31
118 32
118 57
118 65
118 87
118 103
118 118
119 29
119 37
119 56
119 64
119 86
119 102
119 119
120 29
120 38
120 55
120 63
120 85
120 93
120 95
120 120
121 28
121 32
121 33
121 39
121 54
121 62
121 85
121 87
121 90
121 94
121 121
122 27
122 31
122 40
122 53
122 61
122 85
122 91
122 122
123 26
123 30
123 34
123 41
123 52
123 60
123 85
123 87
123 99
123 123
124 25
124 29
124 34
124 42
124 51
124 59
124 85
124 87
124 98
124 99
124 124
125 24
125 28
125 35
125 43
125 50
125 58
125 85
125 94
125 95
125 97
125 125
126 23
126 27
126 36
126 45
126 46
126 49
126 57
126 86
126 87
126 97
126 126
127 22
127 26
127 37
127 43
127 46
127 56
127 84
127 91
127 127
128 21
128 25
128 38
128 55
128 84
128 87
128 93
128 128
129 20
129 24
129 38
129 48
129 54
129 84
129 89
129 90
129 93
129 129
130 19
130 23
130 37
130 53
130 84
130 85
130 89
130 91
130 130
131 18
131 22
131 36
131 52
131 88
131 97
131 131
132 17
132 21
132 35
132 43
132 45
132 88
132 89
132 90
132 97
132 132
133 16
133 20
133 35
133 37
133 40
133 44
133 91
133 92
133 93
133 94
133 133
134 15
134 19
134 35
134 41
134 134
135 14
135 18
135 35
135 37
135 49
135 135
136 13
136 17
136 35
136 37
136 48
136 49
136 136
137 12
137 16
137 35
137 44
137 45
137 47
137 137
138 11
138 15
138 36
138 37
138 47
138 138
139 10
139 14
139 34
139 41
139 139
140 9
140 13
140 34
140 37
140 43
140 140
141 8
141 12
141 34
141 39
141 40
141 43
141 141
142 7
142 11
142 34
142 35
142 39
142 41
142 142
143 6
143 10
143 38
143 47
143 143
144 5
144 9
144 38
144 39
144 40
144 47
144 144
145 4
145 8
145 41
145 42
145 43
145 44
145 145
146 7
146 146
147 6
147 147
