# step:120000
15 100
17 105
18 96
19 96
19 99
20 97
20 104
21 97
23 100
23 101
24 98
25 95
26 93
27 68
27 103
27 105
28 102
28 104
29 73
29 89
29 97
29 101
29 103
30 64
30 88
30 90
30 99
30 102
31 43
31 64
31 67
31 87
31 89
31 94
31 95
31 102
32 65
32 72
32 86
32 88
32 93
32 103
33 45
33 51
33 65
33 85
33 87
33 91
33 97
33 102
33 104
34 45
34 47
34 84
34 86
34 90
34 99
34 103
34 105
35 42
35 53
35 68
35 69
35 83
35 85
35 89
35 100
35 104
35 106
36 46
36 53
36 66
36 82
36 84
36 88
36 101
36 105
36 107
37 41
37 43
37 54
37 63
37 81
37 83
37 87
37 102
37 106
38 41
38 49
38 50
38 56
38 61
38 80
38 82
38 86
38 103
39 41
39 43
39 46
39 56
39 71
39 73
39 79
39 81
39 85
39 104
39 107
40 41
40 44
40 54
40 56
40 70
40 72
40 78
40 80
40 84
40 105
40 110
41 43
41 46
41 57
41 65
41 69
41 71
41 77
41 79
41 83
41 109
41 112
42 40
42 42
42 45
42 48
42 58
42 67
42 70
42 76
42 78
42 82
42 113
43 39
43 48
43 49
43 50
43 51
43 57
43 62
43 63
43 70
43 75
43 77
43 81
43 106
43 112
43 114
44 38
44 44
44 51
44 56
44 61
44 71
44 74
44 76
44 80
44 113
44 115
45 40
45 42
45 46
45 52
45 53
45 59
45 65
45 70
45 75
45 79
45 110
45 114
45 116
46 41
46 44
46 66
46 78
46 111
46 115
46 117
47 39
47 40
47 47
47 50
47 59
47 67
47 112
47 116
47 118
48 50
48 60
48 71
48 76
48 113
48 117
48 119
49 43
49 49
49 51
49 56
49 67
49 72
49 81
49 114
49 118
49 120
50 45
50 47
50 54
50 57
50 61
50 74
50 78
50 81
50 115
50 119
50 121
51 46
51 56
51 58
51 62
51 116
51 120
51 122
52 44
52 45
52 57
52 59
52 63
52 79
52 117
52 121
52 123
53 72
53 76
53 77
53 79
53 118
53 122
53 124
54 60
54 119
54 123
54 125
55 55
55 67
55 69
55 70
55 76
55 81
55 120
55 124
55 126
56 58
56 65
56 67
56 71
56 81
56 121
56 125
57 71
57 79
57 81
57 122
58 57
58 60
58 75
58 79
58 82
59 61
59 63
59 67
59 81
59 83
59 123
59 129
60 57
60 65
60 66
60 75
60 78
60 83
60 124
61 60
61 74
61 77
61 79
61 80
61 124
61 130
62 59
62 72
62 79
62 80
62 83
62 85
62 86
62 87
62 136
62 137
63 59
63 64
63 68
63 72
63 78
63 122
63 126
63 134
63 135
64 62
64 82
64 90
64 131
65 60
65 61
65 81
65 121
65 125
65 136
66 77
66 79
66 89
66 98
66 120
66 132
66 140
67 58
67 68
67 72
67 73
67 91
67 92
67 95
67 119
67 126
67 132
68 59
68 61
68 71
68 72
68 73
68 84
68 118
68 122
68 124
68 125
68 127
69 66
69 67
69 91
69 117
69 121
69 123
69 126
69 128
70 67
70 72
70 81
70 93
70 116
70 120
70 122
70 127
70 135
71 59
71 75
71 76
71 78
71 80
71 81
71 87
71 92
71 115
71 119
71 121
71 128
71 138
72 57
72 62
72 67
72 68
72 79
72 95
72 96
72 99
72 114
72 118
72 120
73 56
73 61
73 76
73 90
73 95
73 96
73 113
73 117
73 119
74 60
74 62
74 63
74 77
74 82
74 86
74 90
74 112
74 116
74 118
75 56
75 59
75 61
75 66
75 67
75 71
75 73
75 90
75 111
75 115
75 117
76 54
76 58
76 60
76 65
76 67
76 77
76 94
76 100
76 110
76 114
76 116
77 55
77 79
77 85
77 95
77 103
77 109
77 113
77 115
78 51
78 71
78 82
78 86
78 108
78 112
78 114
79 58
79 60
79 72
79 85
79 101
79 105
79 110
79 113
80 53
80 59
80 61
80 69
80 72
80 77
80 80
80 84
80 88
80 99
80 102
81 53
81 54
81 60
81 71
81 74
81 76
81 86
81 98
81 101
81 102
82 57
82 61
82 69
82 77
82 79
82 98
83 63
83 64
83 72
83 73
83 86
83 98
83 106
84 58
84 71
84 76
84 77
84 84
84 89
84 95
84 96
84 97
85 59
85 61
85 66
85 67
85 72
85 82
85 90
85 101
85 103
85 109
86 74
86 84
86 89
86 93
86 103
86 106
87 63
87 76
87 93
87 107
87 108
87 109
88 64
88 66
88 71
88 85
88 93
88 105
89 64
89 74
89 75
89 77
89 80
89 88
89 89
89 102
89 111
90 5
90 75
90 76
90 77
90 111
91 6
91 11
91 69
91 70
91 71
91 72
91 83
91 90
91 101
91 111
92 5
92 11
92 81
92 87
92 92
92 101
92 107
93 76
93 95
93 97
93 101
93 106
93 110
93 112
94 79
94 81
94 85
94 97
94 111
94 113
95 77
95 88
95 95
95 105
95 112
95 114
96 12
96 14
96 86
96 89
96 105
96 113
97 5
97 15
97 83
97 89
97 90
97 95
98 8
98 11
98 78
98 92
98 96
98 97
99 12
99 16
99 77
99 81
99 86
99 93
99 101
99 117
100 7
100 11
100 13
100 17
100 76
100 90
100 100
100 104
101 12
101 14
101 18
101 75
101 79
101 81
101 90
101 94
101 98
101 103
101 108
101 111
101 118
102 13
102 15
102 19
102 74
102 78
102 80
102 81
102 88
102 90
102 95
102 98
102 101
102 112
102 124
102 125
103 14
103 16
103 20
103 73
103 77
103 79
103 90
103 95
103 109
103 110
103 122
103 123
104 15
104 17
104 21
104 72
104 76
104 78
104 92
104 94
104 98
104 102
104 113
104 119
105 16
105 18
105 22
105 71
105 75
105 77
105 87
105 90
105 91
105 93
105 113
105 124
106 17
106 19
106 23
106 70
106 74
106 76
106 87
106 90
106 92
106 96
106 107
106 112
106 120
106 128
107 18
107 20
107 24
107 69
107 73
107 75
107 86
107 91
107 95
107 114
107 120
108 19
108 21
108 25
108 68
108 72
108 74
108 90
108 94
108 106
108 112
108 115
109 20
109 22
109 26
109 67
109 71
109 73
109 86
109 88
109 89
109 93
109 105
109 114
109 116
110 21
110 23
110 27
110 66
110 70
110 72
110 92
110 104
110 108
110 110
110 115
110 123
111 22
111 24
111 28
111 65
111 69
111 71
111 83
111 88
111 103
111 107
111 109
111 116
111 126
112 23
112 25
112 29
112 64
112 68
112 70
112 85
112 86
112 92
112 102
112 106
112 108
113 24
113 26
113 30
113 63
113 67
113 69
113 86
113 87
113 93
113 101
113 105
113 107
114 25
114 27
114 31
114 62
114 66
114 68
114 89
114 94
114 100
114 104
114 106
115 26
115 28
115 32
115 61
115 65
115 67
115 83
115 84
115 87
115 98
115 103
115 105
116 27
116 29
116 60
116 64
116 66
116 89
116 96
116 97
116 102
116 104
117 28
117 30
117 36
117 59
117 63
117 65
117 89
117 92
117 101
117 103
118 29
118 58
118 62
118 64
118 88
118 90
118 94
118 102
119 30
119 33
119 57
119 61
119 63
119 87
119 89
120 32
120 37
120 56
120 60
120 62
120 86
120 88
121 35
121 38
121 55
121 59
121 61
121 98
122 39
122 54
122 58
122 60
122 96
123 36
123 40
123 53
123 57
123 59
123 93
124 35
124 37
124 41
124 52
124 56
124 58
124 90
124 91
125 36
125 38
125 42
125 51
125 55
125 57
126 37
126 39
126 44
126 50
126 54
126 56
126 94
127 38
127 48
127 53
127 55
127 87
127 94
128 39
128 46
128 47
128 52
128 54
128 92
128 95
129 39
129 42
129 51
129 53
129 95
130 38
130 40
130 44
130 52
130 86
131 37
131 39
132 36
132 38
132 91
133 48
134 46
135 43
136 40
136 41
138 44
139 37
139 44
140 42
140 45
141 45
142 36
144 41
