# step:120000
15 98
15 99
17 98
19 103
20 96
21 101
22 100
23 97
24 93
24 94
25 97
25 101
27 66
27 67
27 93
27 104
28 93
28 103
29 66
29 90
29 93
29 95
29 102
30 89
30 101
31 71
31 88
32 41
32 43
32 64
32 87
32 96
32 102
33 42
33 69
33 86
33 103
34 52
34 68
34 85
34 104
35 41
35 46
35 65
35 84
35 105
36 45
36 52
36 61
36 62
36 83
36 106
37 42
37 47
37 52
37 65
37 69
37 82
37 107
38 42
38 81
39 48
39 53
39 61
39 72
39 80
40 61
40 71
40 79
41 58
41 61
41 63
41 70
41 78
41 108
42 57
42 69
42 77
42 112
43 41
43 52
43 76
43 108
43 109
43 113
44 47
44 49
44 50
44 64
44 70
44 75
44 114
45 41
45 54
45 68
45 71
45 74
45 115
46 54
46 58
46 116
47 46
47 75
47 117
48 48
48 68
48 74
48 118
49 54
49 58
49 76
49 119
50 46
50 56
50 120
51 57
51 72
51 121
52 58
52 72
52 78
52 122
53 62
53 78
53 123
54 59
54 69
54 124
55 56
55 57
55 65
55 75
55 125
56 61
56 63
56 126
57 62
57 72
57 78
58 77
58 81
59 74
59 126
59 127
59 128
59 131
60 71
60 72
60 79
60 131
61 58
61 75
61 78
61 126
62 58
62 66
62 69
62 123
62 135
63 58
63 66
63 70
63 74
63 79
63 130
63 132
64 58
64 60
64 138
64 140
65 58
65 63
65 75
65 78
65 84
65 87
65 140
66 58
66 66
66 76
66 133
67 62
67 74
67 75
67 93
67 125
67 130
67 134
68 60
68 69
68 82
68 123
68 126
69 73
69 76
69 80
69 85
69 122
69 127
69 136
70 64
70 78
70 80
70 95
70 121
70 128
71 62
71 65
71 67
71 74
71 84
71 95
71 120
72 71
72 76
72 86
72 93
72 94
72 119
73 62
73 67
73 73
73 77
73 81
73 92
73 97
73 99
73 118
74 56
74 58
74 61
74 64
74 69
74 95
74 96
74 117
75 50
75 54
75 60
75 81
75 88
75 89
75 116
76 50
76 59
76 115
77 50
77 52
77 56
77 68
77 100
77 114
78 50
78 75
78 87
78 96
78 103
78 113
79 56
79 59
79 64
79 79
79 82
79 87
79 98
79 112
80 60
80 67
80 73
81 61
81 67
81 75
81 84
81 107
81 109
82 72
82 109
83 60
83 61
83 65
83 81
83 84
83 85
83 105
83 109
84 61
84 62
84 67
84 68
84 73
84 81
84 109
85 60
85 69
85 89
85 94
85 105
86 70
86 71
86 73
86 76
86 83
86 87
86 90
87 71
87 75
87 83
87 88
87 102
87 103
87 105
88 67
88 74
88 77
88 79
88 80
88 89
88 110
89 68
89 79
90 84
90 99
90 100
91 76
91 92
91 108
92 77
92 86
92 90
92 97
92 106
93 86
93 91
93 92
93 109
93 111
94 6
94 12
94 80
94 83
94 92
94 93
94 112
95 81
95 93
95 101
95 113
96 8
96 10
96 13
96 80
96 83
96 84
96 88
96 94
96 102
96 111
96 114
97 79
97 100
97 110
98 13
98 80
98 81
99 8
99 11
99 92
99 94
99 97
99 100
99 106
99 114
99 115
99 116
99 119
100 12
100 86
100 101
100 105
100 110
100 111
100 119
101 13
101 80
101 85
101 93
101 97
101 110
101 114
102 14
102 79
102 123
103 15
103 78
103 87
103 96
103 100
103 103
103 112
103 118
103 120
104 16
104 77
104 89
104 93
104 109
104 110
104 126
104 128
105 17
105 76
105 92
105 128
106 18
106 75
106 91
106 108
106 110
106 121
107 19
107 74
107 87
107 88
107 90
107 118
107 122
108 20
108 73
108 114
109 21
109 72
109 115
109 124
110 22
110 71
110 109
110 116
111 23
111 70
111 82
111 91
111 108
112 24
112 69
112 82
112 107
113 25
113 68
113 89
113 106
114 26
114 67
114 91
114 105
115 27
115 66
115 89
115 95
115 104
116 28
116 65
116 103
117 29
117 33
117 34
117 64
117 90
117 102
118 30
118 63
118 89
118 96
118 98
118 101
119 34
119 62
119 88
119 98
120 61
120 87
120 98
121 60
122 59
122 90
122 94
123 35
123 58
123 97
123 98
124 36
124 57
124 94
125 37
125 56
125 91
126 38
126 55
126 90
127 39
127 45
127 54
127 95
128 53
128 88
129 40
129 52
130 39
130 46
130 48
130 51
130 93
131 38
131 48
132 37
132 48
132 92
132 93
134 40
134 44
135 47
135 48
136 44
137 41
138 40
139 45
140 38
142 43
144 42
144 43
